Comment: sota, cross environment, train_environment_ids = [1, 3], val_environment_ids = [2]
Params: hidden_dim = 128, num_layers = 2, dropout = 0.3, window_size = 250, stride = 25, batch_size = 512, mask_ratio = 0.15 lr = 0.001, weight_decay = 0.0001, num_epochs = 800 alpha = 10, beta = 0.001, gamma = 1 
Epoch: 0, train loss: 26.5448, train loss1: 2.2363, train loss2: 926.6131, train loss3: 3.2555, train acc1: 0.3471, train acc2: 0.0734
Train confusion matrix:
      0     1     2     3     4     5     6     7     8     9     10    11    12    13    14    15    16    17    18    19    20    21    22    23   24   25
0   0.48  0.15  0.01  0.00  0.01  0.04  0.09  0.01  0.02  0.01  0.00  0.00  0.00  0.02  0.02  0.05  0.00  0.00  0.00  0.00  0.00  0.00  0.09  0.00  0.0  0.0
1   0.00  0.83  0.01  0.01  0.03  0.04  0.03  0.00  0.00  0.00  0.00  0.00  0.00  0.01  0.01  0.02  0.00  0.00  0.00  0.00  0.00  0.00  0.00  0.00  0.0  0.0
2   0.00  0.00  0.76  0.01  0.00  0.00  0.00  0.00  0.01  0.03  0.06  0.00  0.02  0.05  0.00  0.00  0.03  0.00  0.00  0.00  0.00  0.00  0.01  0.00  0.0  0.0
3   0.01  0.17  0.08  0.11  0.04  0.06  0.01  0.14  0.06  0.04  0.02  0.00  0.04  0.16  0.00  0.01  0.01  0.00  0.00  0.01  0.00  0.00  0.02  0.00  0.0  0.0
4   0.00  0.32  0.01  0.02  0.15  0.40  0.02  0.01  0.00  0.00  0.00  0.00  0.00  0.03  0.01  0.02  0.00  0.00  0.00  0.00  0.00  0.00  0.00  0.00  0.0  0.0
5   0.00  0.23  0.00  0.00  0.05  0.64  0.04  0.01  0.00  0.00  0.00  0.00  0.00  0.00  0.01  0.01  0.00  0.00  0.00  0.00  0.00  0.00  0.00  0.00  0.0  0.0
6   0.00  0.18  0.00  0.00  0.00  0.02  0.66  0.00  0.00  0.01  0.00  0.00  0.00  0.01  0.01  0.01  0.00  0.01  0.03  0.02  0.00  0.00  0.02  0.01  0.0  0.0
7   0.02  0.05  0.00  0.05  0.05  0.06  0.00  0.64  0.03  0.00  0.00  0.00  0.01  0.02  0.00  0.00  0.00  0.00  0.00  0.01  0.01  0.00  0.03  0.00  0.0  0.0
8   0.01  0.05  0.04  0.03  0.02  0.01  0.02  0.06  0.48  0.02  0.02  0.00  0.02  0.03  0.01  0.02  0.01  0.00  0.00  0.01  0.00  0.00  0.14  0.00  0.0  0.0
9   0.00  0.00  0.02  0.00  0.00  0.00  0.01  0.00  0.02  0.47  0.06  0.00  0.04  0.04  0.00  0.00  0.01  0.03  0.04  0.13  0.01  0.00  0.10  0.00  0.0  0.0
10  0.00  0.00  0.08  0.01  0.00  0.00  0.01  0.01  0.02  0.16  0.35  0.01  0.03  0.16  0.00  0.00  0.02  0.01  0.02  0.06  0.01  0.00  0.06  0.00  0.0  0.0
11  0.00  0.00  0.03  0.00  0.00  0.00  0.05  0.00  0.01  0.28  0.07  0.02  0.02  0.03  0.00  0.00  0.01  0.02  0.05  0.19  0.02  0.00  0.23  0.00  0.0  0.0
12  0.00  0.00  0.04  0.00  0.00  0.00  0.00  0.03  0.01  0.05  0.07  0.00  0.70  0.05  0.00  0.00  0.01  0.00  0.01  0.01  0.00  0.00  0.00  0.00  0.0  0.0
13  0.00  0.00  0.02  0.01  0.00  0.00  0.01  0.01  0.01  0.02  0.03  0.00  0.01  0.79  0.00  0.00  0.00  0.00  0.03  0.01  0.00  0.00  0.03  0.00  0.0  0.0
14  0.00  0.04  0.00  0.00  0.00  0.06  0.01  0.00  0.00  0.00  0.00  0.00  0.00  0.00  0.87  0.00  0.00  0.00  0.00  0.00  0.00  0.00  0.01  0.00  0.0  0.0
15  0.00  0.39  0.00  0.00  0.02  0.02  0.04  0.00  0.00  0.00  0.00  0.00  0.00  0.02  0.00  0.50  0.00  0.00  0.00  0.00  0.00  0.00  0.00  0.00  0.0  0.0
16  0.00  0.04  0.40  0.01  0.00  0.00  0.02  0.00  0.03  0.11  0.05  0.00  0.05  0.02  0.01  0.01  0.16  0.01  0.01  0.02  0.00  0.00  0.04  0.00  0.0  0.0
17  0.00  0.01  0.00  0.00  0.00  0.00  0.03  0.00  0.02  0.13  0.01  0.00  0.00  0.02  0.00  0.00  0.01  0.19  0.19  0.25  0.02  0.00  0.11  0.00  0.0  0.0
18  0.00  0.00  0.00  0.00  0.00  0.00  0.01  0.00  0.00  0.09  0.01  0.00  0.00  0.05  0.00  0.00  0.00  0.05  0.65  0.08  0.01  0.00  0.05  0.00  0.0  0.0
19  0.00  0.00  0.01  0.00  0.00  0.00  0.02  0.00  0.00  0.21  0.02  0.00  0.00  0.01  0.00  0.00  0.00  0.08  0.07  0.44  0.02  0.00  0.12  0.00  0.0  0.0
20  0.01  0.02  0.00  0.02  0.00  0.00  0.01  0.02  0.01  0.10  0.02  0.00  0.00  0.02  0.00  0.01  0.00  0.11  0.05  0.34  0.07  0.00  0.18  0.00  0.0  0.0
21  0.00  0.13  0.00  0.00  0.00  0.05  0.42  0.00  0.00  0.00  0.00  0.00  0.00  0.01  0.21  0.01  0.00  0.00  0.00  0.00  0.00  0.04  0.09  0.01  0.0  0.0
22  0.01  0.01  0.01  0.00  0.00  0.01  0.02  0.00  0.01  0.07  0.00  0.00  0.00  0.01  0.01  0.01  0.00  0.01  0.00  0.07  0.00  0.00  0.71  0.00  0.0  0.0
23  0.00  0.06  0.00  0.00  0.02  0.18  0.10  0.00  0.00  0.00  0.00  0.00  0.00  0.00  0.35  0.02  0.00  0.00  0.00  0.00  0.00  0.00  0.03  0.21  0.0  0.0
24  0.01  0.00  0.02  0.00  0.00  0.00  0.00  0.00  0.03  0.12  0.01  0.00  0.00  0.00  0.00  0.00  0.01  0.00  0.00  0.26  0.01  0.00  0.52  0.00  0.0  0.0
25  0.00  0.00  0.00  0.00  0.00  0.00  0.02  0.00  0.00  0.00  0.00  0.00  0.00  0.00  0.72  0.00  0.00  0.00  0.00  0.02  0.00  0.01  0.22  0.00  0.0  0.0
Train confusion matrix:
     0    1    2    3    4    5    6    7    8    9    10   11   12   13   14   15   16   17   18   19   20   21   22   23   24   25
0   0.0  0.0  0.0  0.0  0.0  0.0  0.0  0.0  0.0  0.0  0.0  0.0  0.0  1.0  0.0  0.0  0.0  0.0  0.0  0.0  0.0  0.0  0.0  0.0  0.0  0.0
1   0.0  0.0  0.0  0.0  0.0  0.0  0.0  0.0  0.0  0.0  0.0  0.0  0.0  1.0  0.0  0.0  0.0  0.0  0.0  0.0  0.0  0.0  0.0  0.0  0.0  0.0
2   0.0  0.0  0.0  0.0  0.0  0.0  0.0  0.0  0.0  0.0  0.0  0.0  0.0  1.0  0.0  0.0  0.0  0.0  0.0  0.0  0.0  0.0  0.0  0.0  0.0  0.0
3   0.0  0.0  0.0  0.0  0.0  0.0  0.0  0.0  0.0  0.0  0.0  0.0  0.0  1.0  0.0  0.0  0.0  0.0  0.0  0.0  0.0  0.0  0.0  0.0  0.0  0.0
4   0.0  0.0  0.0  0.0  0.0  0.0  0.0  0.0  0.0  0.0  0.0  0.0  0.0  1.0  0.0  0.0  0.0  0.0  0.0  0.0  0.0  0.0  0.0  0.0  0.0  0.0
5   0.0  0.0  0.0  0.0  0.0  0.0  0.0  0.0  0.0  0.0  0.0  0.0  0.0  1.0  0.0  0.0  0.0  0.0  0.0  0.0  0.0  0.0  0.0  0.0  0.0  0.0
6   0.0  0.0  0.0  0.0  0.0  0.0  0.0  0.0  0.0  0.0  0.0  0.0  0.0  1.0  0.0  0.0  0.0  0.0  0.0  0.0  0.0  0.0  0.0  0.0  0.0  0.0
7   0.0  0.0  0.0  0.0  0.0  0.0  0.0  0.0  0.0  0.0  0.0  0.0  0.0  1.0  0.0  0.0  0.0  0.0  0.0  0.0  0.0  0.0  0.0  0.0  0.0  0.0
8   0.0  0.0  0.0  0.0  0.0  0.0  0.0  0.0  0.0  0.0  0.0  0.0  0.0  1.0  0.0  0.0  0.0  0.0  0.0  0.0  0.0  0.0  0.0  0.0  0.0  0.0
9   0.0  0.0  0.0  0.0  0.0  0.0  0.0  0.0  0.0  0.0  0.0  0.0  0.0  1.0  0.0  0.0  0.0  0.0  0.0  0.0  0.0  0.0  0.0  0.0  0.0  0.0
10  0.0  0.0  0.0  0.0  0.0  0.0  0.0  0.0  0.0  0.0  0.0  0.0  0.0  1.0  0.0  0.0  0.0  0.0  0.0  0.0  0.0  0.0  0.0  0.0  0.0  0.0
11  0.0  0.0  0.0  0.0  0.0  0.0  0.0  0.0  0.0  0.0  0.0  0.0  0.0  1.0  0.0  0.0  0.0  0.0  0.0  0.0  0.0  0.0  0.0  0.0  0.0  0.0
12  0.0  0.0  0.0  0.0  0.0  0.0  0.0  0.0  0.0  0.0  0.0  0.0  0.0  1.0  0.0  0.0  0.0  0.0  0.0  0.0  0.0  0.0  0.0  0.0  0.0  0.0
13  0.0  0.0  0.0  0.0  0.0  0.0  0.0  0.0  0.0  0.0  0.0  0.0  0.0  1.0  0.0  0.0  0.0  0.0  0.0  0.0  0.0  0.0  0.0  0.0  0.0  0.0
14  0.0  0.0  0.0  0.0  0.0  0.0  0.0  0.0  0.0  0.0  0.0  0.0  0.0  1.0  0.0  0.0  0.0  0.0  0.0  0.0  0.0  0.0  0.0  0.0  0.0  0.0
15  0.0  0.0  0.0  0.0  0.0  0.0  0.0  0.0  0.0  0.0  0.0  0.0  0.0  1.0  0.0  0.0  0.0  0.0  0.0  0.0  0.0  0.0  0.0  0.0  0.0  0.0
16  0.0  0.0  0.0  0.0  0.0  0.0  0.0  0.0  0.0  0.0  0.0  0.0  0.0  1.0  0.0  0.0  0.0  0.0  0.0  0.0  0.0  0.0  0.0  0.0  0.0  0.0
17  0.0  0.0  0.0  0.0  0.0  0.0  0.0  0.0  0.0  0.0  0.0  0.0  0.0  1.0  0.0  0.0  0.0  0.0  0.0  0.0  0.0  0.0  0.0  0.0  0.0  0.0
18  0.0  0.0  0.0  0.0  0.0  0.0  0.0  0.0  0.0  0.0  0.0  0.0  0.0  1.0  0.0  0.0  0.0  0.0  0.0  0.0  0.0  0.0  0.0  0.0  0.0  0.0
19  0.0  0.0  0.0  0.0  0.0  0.0  0.0  0.0  0.0  0.0  0.0  0.0  0.0  1.0  0.0  0.0  0.0  0.0  0.0  0.0  0.0  0.0  0.0  0.0  0.0  0.0
20  0.0  0.0  0.0  0.0  0.0  0.0  0.0  0.0  0.0  0.0  0.0  0.0  0.0  1.0  0.0  0.0  0.0  0.0  0.0  0.0  0.0  0.0  0.0  0.0  0.0  0.0
21  0.0  0.0  0.0  0.0  0.0  0.0  0.0  0.0  0.0  0.0  0.0  0.0  0.0  1.0  0.0  0.0  0.0  0.0  0.0  0.0  0.0  0.0  0.0  0.0  0.0  0.0
22  0.0  0.0  0.0  0.0  0.0  0.0  0.0  0.0  0.0  0.0  0.0  0.0  0.0  1.0  0.0  0.0  0.0  0.0  0.0  0.0  0.0  0.0  0.0  0.0  0.0  0.0
23  0.0  0.0  0.0  0.0  0.0  0.0  0.0  0.0  0.0  0.0  0.0  0.0  0.0  1.0  0.0  0.0  0.0  0.0  0.0  0.0  0.0  0.0  0.0  0.0  0.0  0.0
24  0.0  0.0  0.0  0.0  0.0  0.0  0.0  0.0  0.0  0.0  0.0  0.0  0.0  1.0  0.0  0.0  0.0  0.0  0.0  0.0  0.0  0.0  0.0  0.0  0.0  0.0
25  0.0  0.0  0.0  0.0  0.0  0.0  0.0  0.0  0.0  0.0  0.0  0.0  0.0  1.0  0.0  0.0  0.0  0.0  0.0  0.0  0.0  0.0  0.0  0.0  0.0  0.0
Epoch: 0, val loss: 539.8981, val loss1: 7.6108, val loss2: 528.0275, val loss3: 4.2597, val acc1: 0.2125, val acc2: 0.0000
Val confusion matrix:
      0     1    2     3     4     5     6     7    8     9     10   11   12    13    14   15   16   17    18   19    20    21    22    23    24    25    26    27   28   29    30    31
0   0.45  0.06  0.0  0.01  0.00  0.00  0.02  0.06  0.0  0.02  0.02  0.0  0.0  0.03  0.00  0.0  0.0  0.0  0.00  0.0  0.03  0.07  0.03  0.00  0.01  0.01  0.01  0.00  0.0  0.0  0.15  0.01
1   0.00  0.84  0.0  0.01  0.01  0.04  0.06  0.01  0.0  0.00  0.00  0.0  0.0  0.00  0.00  0.0  0.0  0.0  0.00  0.0  0.01  0.00  0.01  0.00  0.00  0.00  0.00  0.00  0.0  0.0  0.00  0.00
2   0.00  0.89  0.0  0.03  0.00  0.01  0.01  0.00  0.0  0.00  0.00  0.0  0.0  0.00  0.00  0.0  0.0  0.0  0.00  0.0  0.01  0.00  0.03  0.00  0.00  0.00  0.00  0.00  0.0  0.0  0.00  0.00
3    NaN   NaN  NaN   NaN   NaN   NaN   NaN   NaN  NaN   NaN   NaN  NaN  NaN   NaN   NaN  NaN  NaN  NaN   NaN  NaN   NaN   NaN   NaN   NaN   NaN   NaN   NaN   NaN  NaN  NaN   NaN   NaN
4    NaN   NaN  NaN   NaN   NaN   NaN   NaN   NaN  NaN   NaN   NaN  NaN  NaN   NaN   NaN  NaN  NaN  NaN   NaN  NaN   NaN   NaN   NaN   NaN   NaN   NaN   NaN   NaN  NaN  NaN   NaN   NaN
5   0.00  0.34  0.0  0.01  0.02  0.17  0.36  0.01  0.0  0.01  0.00  0.0  0.0  0.00  0.00  0.0  0.0  0.0  0.01  0.0  0.03  0.00  0.02  0.00  0.00  0.00  0.00  0.00  0.0  0.0  0.00  0.00
6   0.00  0.32  0.0  0.00  0.00  0.03  0.62  0.02  0.0  0.00  0.00  0.0  0.0  0.00  0.00  0.0  0.0  0.0  0.00  0.0  0.00  0.01  0.00  0.00  0.00  0.00  0.00  0.00  0.0  0.0  0.00  0.00
7   0.01  0.23  0.0  0.00  0.00  0.00  0.04  0.56  0.0  0.00  0.00  0.0  0.0  0.02  0.00  0.0  0.0  0.0  0.00  0.0  0.00  0.02  0.01  0.00  0.02  0.00  0.03  0.00  0.0  0.0  0.04  0.00
8   0.00  0.74  0.0  0.01  0.00  0.03  0.16  0.05  0.0  0.00  0.00  0.0  0.0  0.00  0.00  0.0  0.0  0.0  0.00  0.0  0.00  0.01  0.00  0.00  0.00  0.00  0.00  0.00  0.0  0.0  0.01  0.00
9    NaN   NaN  NaN   NaN   NaN   NaN   NaN   NaN  NaN   NaN   NaN  NaN  NaN   NaN   NaN  NaN  NaN  NaN   NaN  NaN   NaN   NaN   NaN   NaN   NaN   NaN   NaN   NaN  NaN  NaN   NaN   NaN
10   NaN   NaN  NaN   NaN   NaN   NaN   NaN   NaN  NaN   NaN   NaN  NaN  NaN   NaN   NaN  NaN  NaN  NaN   NaN  NaN   NaN   NaN   NaN   NaN   NaN   NaN   NaN   NaN  NaN  NaN   NaN   NaN
11  0.00  0.82  0.0  0.06  0.00  0.01  0.08  0.01  0.0  0.00  0.00  0.0  0.0  0.00  0.00  0.0  0.0  0.0  0.00  0.0  0.00  0.00  0.01  0.00  0.00  0.00  0.00  0.00  0.0  0.0  0.00  0.00
12  0.01  0.62  0.0  0.01  0.03  0.05  0.06  0.01  0.0  0.04  0.00  0.0  0.0  0.00  0.00  0.0  0.0  0.0  0.00  0.0  0.05  0.00  0.13  0.00  0.00  0.00  0.00  0.00  0.0  0.0  0.00  0.00
13   NaN   NaN  NaN   NaN   NaN   NaN   NaN   NaN  NaN   NaN   NaN  NaN  NaN   NaN   NaN  NaN  NaN  NaN   NaN  NaN   NaN   NaN   NaN   NaN   NaN   NaN   NaN   NaN  NaN  NaN   NaN   NaN
14   NaN   NaN  NaN   NaN   NaN   NaN   NaN   NaN  NaN   NaN   NaN  NaN  NaN   NaN   NaN  NaN  NaN  NaN   NaN  NaN   NaN   NaN   NaN   NaN   NaN   NaN   NaN   NaN  NaN  NaN   NaN   NaN
15   NaN   NaN  NaN   NaN   NaN   NaN   NaN   NaN  NaN   NaN   NaN  NaN  NaN   NaN   NaN  NaN  NaN  NaN   NaN  NaN   NaN   NaN   NaN   NaN   NaN   NaN   NaN   NaN  NaN  NaN   NaN   NaN
16  0.00  0.19  0.0  0.05  0.00  0.00  0.02  0.09  0.0  0.00  0.00  0.0  0.0  0.00  0.01  0.0  0.0  0.0  0.01  0.0  0.03  0.51  0.01  0.01  0.00  0.00  0.00  0.00  0.0  0.0  0.04  0.00
17  0.00  0.87  0.0  0.00  0.00  0.01  0.10  0.02  0.0  0.00  0.00  0.0  0.0  0.00  0.00  0.0  0.0  0.0  0.00  0.0  0.00  0.00  0.00  0.00  0.00  0.00  0.00  0.00  0.0  0.0  0.00  0.00
18   NaN   NaN  NaN   NaN   NaN   NaN   NaN   NaN  NaN   NaN   NaN  NaN  NaN   NaN   NaN  NaN  NaN  NaN   NaN  NaN   NaN   NaN   NaN   NaN   NaN   NaN   NaN   NaN  NaN  NaN   NaN   NaN
19  0.01  0.14  0.0  0.36  0.05  0.03  0.03  0.02  0.0  0.03  0.01  0.0  0.0  0.03  0.05  0.0  0.0  0.0  0.05  0.0  0.13  0.01  0.01  0.01  0.00  0.01  0.01  0.00  0.0  0.0  0.01  0.00
20   NaN   NaN  NaN   NaN   NaN   NaN   NaN   NaN  NaN   NaN   NaN  NaN  NaN   NaN   NaN  NaN  NaN  NaN   NaN  NaN   NaN   NaN   NaN   NaN   NaN   NaN   NaN   NaN  NaN  NaN   NaN   NaN
21   NaN   NaN  NaN   NaN   NaN   NaN   NaN   NaN  NaN   NaN   NaN  NaN  NaN   NaN   NaN  NaN  NaN  NaN   NaN  NaN   NaN   NaN   NaN   NaN   NaN   NaN   NaN   NaN  NaN  NaN   NaN   NaN
22  0.01  0.46  0.0  0.01  0.02  0.04  0.05  0.04  0.0  0.01  0.00  0.0  0.0  0.00  0.00  0.0  0.0  0.0  0.00  0.0  0.04  0.00  0.33  0.00  0.00  0.00  0.00  0.00  0.0  0.0  0.00  0.00
23   NaN   NaN  NaN   NaN   NaN   NaN   NaN   NaN  NaN   NaN   NaN  NaN  NaN   NaN   NaN  NaN  NaN  NaN   NaN  NaN   NaN   NaN   NaN   NaN   NaN   NaN   NaN   NaN  NaN  NaN   NaN   NaN
24   NaN   NaN  NaN   NaN   NaN   NaN   NaN   NaN  NaN   NaN   NaN  NaN  NaN   NaN   NaN  NaN  NaN  NaN   NaN  NaN   NaN   NaN   NaN   NaN   NaN   NaN   NaN   NaN  NaN  NaN   NaN   NaN
25  0.00  0.00  0.0  0.00  0.00  0.00  0.00  0.04  0.0  0.00  0.00  0.0  0.0  0.15  0.01  0.0  0.0  0.0  0.00  0.0  0.02  0.00  0.00  0.00  0.22  0.12  0.28  0.01  0.0  0.0  0.12  0.00
26   NaN   NaN  NaN   NaN   NaN   NaN   NaN   NaN  NaN   NaN   NaN  NaN  NaN   NaN   NaN  NaN  NaN  NaN   NaN  NaN   NaN   NaN   NaN   NaN   NaN   NaN   NaN   NaN  NaN  NaN   NaN   NaN
27  0.01  0.00  0.0  0.02  0.00  0.00  0.00  0.02  0.0  0.00  0.01  0.0  0.0  0.17  0.02  0.0  0.0  0.0  0.01  0.0  0.02  0.01  0.00  0.01  0.14  0.12  0.28  0.02  0.0  0.0  0.14  0.00
28  0.00  0.00  0.0  0.02  0.00  0.00  0.00  0.03  0.0  0.00  0.00  0.0  0.0  0.09  0.04  0.0  0.0  0.0  0.01  0.0  0.02  0.02  0.00  0.00  0.10  0.11  0.34  0.02  0.0  0.0  0.19  0.00
29   NaN   NaN  NaN   NaN   NaN   NaN   NaN   NaN  NaN   NaN   NaN  NaN  NaN   NaN   NaN  NaN  NaN  NaN   NaN  NaN   NaN   NaN   NaN   NaN   NaN   NaN   NaN   NaN  NaN  NaN   NaN   NaN
30  0.00  0.02  0.0  0.01  0.00  0.00  0.02  0.03  0.0  0.00  0.00  0.0  0.0  0.13  0.00  0.0  0.0  0.0  0.00  0.0  0.00  0.01  0.00  0.01  0.02  0.00  0.09  0.00  0.0  0.0  0.63  0.00
31   NaN   NaN  NaN   NaN   NaN   NaN   NaN   NaN  NaN   NaN   NaN  NaN  NaN   NaN   NaN  NaN  NaN  NaN   NaN  NaN   NaN   NaN   NaN   NaN   NaN   NaN   NaN   NaN  NaN  NaN   NaN   NaN
Val confusion matrix:
     0    1    2    3    4    5    6    7    8    9    10   11   12   13   14   15   16   17
0   0.0  0.0  0.0  0.0  0.0  0.0  0.0  0.0  0.0  0.0  0.0  0.0  1.0  0.0  0.0  0.0  0.0  0.0
1   0.0  0.0  0.0  0.0  0.0  0.0  0.0  0.0  0.0  0.0  0.0  0.0  1.0  0.0  0.0  0.0  0.0  0.0
2   0.0  0.0  0.0  0.0  0.0  0.0  0.0  0.0  0.0  0.0  0.0  0.0  1.0  0.0  0.0  0.0  0.0  0.0
3   0.0  0.0  0.0  0.0  0.0  0.0  0.0  0.0  0.0  0.0  0.0  0.0  1.0  0.0  0.0  0.0  0.0  0.0
4   0.0  0.0  0.0  0.0  0.0  0.0  0.0  0.0  0.0  0.0  0.0  0.0  1.0  0.0  0.0  0.0  0.0  0.0
5   0.0  0.0  0.0  0.0  0.0  0.0  0.0  0.0  0.0  0.0  0.0  0.0  1.0  0.0  0.0  0.0  0.0  0.0
6   0.0  0.0  0.0  0.0  0.0  0.0  0.0  0.0  0.0  0.0  0.0  0.0  1.0  0.0  0.0  0.0  0.0  0.0
7   0.0  0.0  0.0  0.0  0.0  0.0  0.0  0.0  0.0  0.0  0.0  0.0  1.0  0.0  0.0  0.0  0.0  0.0
8   0.0  0.0  0.0  0.0  0.0  0.0  0.0  0.0  0.0  0.0  0.0  0.0  1.0  0.0  0.0  0.0  0.0  0.0
9   0.0  0.0  0.0  0.0  0.0  0.0  0.0  0.0  0.0  0.0  0.0  0.0  1.0  0.0  0.0  0.0  0.0  0.0
10  0.0  0.0  0.0  0.0  0.0  0.0  0.0  0.0  0.0  0.0  0.0  0.0  1.0  0.0  0.0  0.0  0.0  0.0
11  0.0  0.0  0.0  0.0  0.0  0.0  0.0  0.0  0.0  0.0  0.0  0.0  1.0  0.0  0.0  0.0  0.0  0.0
12  NaN  NaN  NaN  NaN  NaN  NaN  NaN  NaN  NaN  NaN  NaN  NaN  NaN  NaN  NaN  NaN  NaN  NaN
13  0.0  0.0  0.0  0.0  0.0  0.0  0.0  0.0  0.0  0.0  0.0  0.0  1.0  0.0  0.0  0.0  0.0  0.0
14  0.0  0.0  0.0  0.0  0.0  0.0  0.0  0.0  0.0  0.0  0.0  0.0  1.0  0.0  0.0  0.0  0.0  0.0
15  0.0  0.0  0.0  0.0  0.0  0.0  0.0  0.0  0.0  0.0  0.0  0.0  1.0  0.0  0.0  0.0  0.0  0.0
16  0.0  0.0  0.0  0.0  0.0  0.0  0.0  0.0  0.0  0.0  0.0  0.0  1.0  0.0  0.0  0.0  0.0  0.0
17  0.0  0.0  0.0  0.0  0.0  0.0  0.0  0.0  0.0  0.0  0.0  0.0  1.0  0.0  0.0  0.0  0.0  0.0
Epoch: 1, train loss: 17.9523, train loss1: 1.3843, train loss2: 926.7664, train loss3: 3.1821, train acc1: 0.5661, train acc2: 0.0988
Train confusion matrix:
      0     1     2     3     4     5     6     7     8     9     10    11    12    13    14    15    16    17    18    19    20    21    22    23   24   25
0   0.75  0.01  0.00  0.00  0.00  0.00  0.09  0.01  0.01  0.01  0.00  0.00  0.00  0.01  0.00  0.01  0.00  0.00  0.00  0.00  0.00  0.00  0.07  0.00  0.0  0.0
1   0.02  0.77  0.00  0.00  0.03  0.02  0.10  0.00  0.00  0.00  0.00  0.00  0.00  0.00  0.00  0.05  0.00  0.00  0.00  0.00  0.00  0.01  0.00  0.00  0.0  0.0
2   0.00  0.00  0.58  0.01  0.00  0.00  0.00  0.00  0.02  0.02  0.05  0.01  0.02  0.06  0.00  0.00  0.20  0.00  0.00  0.00  0.00  0.00  0.01  0.00  0.0  0.0
3   0.14  0.07  0.02  0.17  0.07  0.01  0.01  0.17  0.06  0.04  0.01  0.00  0.02  0.12  0.00  0.04  0.01  0.00  0.00  0.00  0.00  0.00  0.02  0.00  0.0  0.0
4   0.04  0.18  0.00  0.00  0.26  0.34  0.05  0.01  0.00  0.00  0.00  0.00  0.00  0.00  0.00  0.09  0.00  0.00  0.00  0.00  0.00  0.00  0.00  0.01  0.0  0.0
5   0.04  0.13  0.00  0.00  0.05  0.66  0.08  0.01  0.00  0.00  0.00  0.00  0.00  0.00  0.00  0.01  0.00  0.00  0.00  0.00  0.00  0.00  0.00  0.02  0.0  0.0
6   0.01  0.02  0.00  0.00  0.00  0.00  0.84  0.00  0.00  0.02  0.00  0.01  0.00  0.01  0.00  0.00  0.00  0.00  0.04  0.01  0.00  0.01  0.01  0.01  0.0  0.0
7   0.05  0.02  0.00  0.02  0.03  0.00  0.00  0.77  0.03  0.00  0.00  0.00  0.00  0.02  0.00  0.01  0.00  0.00  0.00  0.00  0.01  0.00  0.02  0.00  0.0  0.0
8   0.03  0.02  0.01  0.03  0.01  0.00  0.00  0.08  0.60  0.03  0.03  0.00  0.01  0.05  0.00  0.02  0.02  0.00  0.01  0.01  0.01  0.00  0.03  0.00  0.0  0.0
9   0.00  0.00  0.01  0.00  0.00  0.00  0.01  0.00  0.01  0.53  0.02  0.03  0.03  0.05  0.00  0.00  0.01  0.01  0.06  0.06  0.02  0.00  0.16  0.00  0.0  0.0
10  0.00  0.00  0.04  0.00  0.00  0.00  0.00  0.00  0.02  0.16  0.27  0.08  0.03  0.21  0.00  0.00  0.03  0.00  0.02  0.02  0.02  0.00  0.09  0.00  0.0  0.0
11  0.00  0.00  0.01  0.00  0.00  0.00  0.03  0.00  0.01  0.29  0.05  0.13  0.02  0.05  0.00  0.00  0.02  0.00  0.06  0.07  0.03  0.00  0.22  0.00  0.0  0.0
12  0.00  0.00  0.03  0.00  0.00  0.00  0.00  0.01  0.01  0.05  0.04  0.01  0.72  0.07  0.00  0.00  0.02  0.00  0.01  0.00  0.01  0.00  0.01  0.00  0.0  0.0
13  0.01  0.00  0.01  0.00  0.00  0.00  0.00  0.00  0.01  0.02  0.01  0.01  0.00  0.85  0.00  0.00  0.00  0.00  0.03  0.00  0.00  0.00  0.03  0.00  0.0  0.0
14  0.00  0.02  0.00  0.00  0.00  0.01  0.00  0.00  0.00  0.00  0.00  0.00  0.00  0.00  0.86  0.01  0.00  0.00  0.00  0.00  0.00  0.02  0.00  0.08  0.0  0.0
15  0.02  0.07  0.00  0.00  0.02  0.01  0.04  0.00  0.00  0.00  0.00  0.00  0.00  0.01  0.00  0.83  0.00  0.00  0.00  0.00  0.00  0.01  0.00  0.00  0.0  0.0
16  0.01  0.01  0.05  0.00  0.00  0.00  0.01  0.00  0.07  0.09  0.01  0.02  0.02  0.02  0.00  0.00  0.61  0.00  0.01  0.01  0.00  0.01  0.03  0.00  0.0  0.0
17  0.00  0.00  0.00  0.00  0.00  0.00  0.01  0.00  0.02  0.18  0.01  0.01  0.00  0.01  0.00  0.00  0.01  0.10  0.24  0.14  0.14  0.00  0.11  0.00  0.0  0.0
18  0.00  0.00  0.00  0.00  0.00  0.00  0.01  0.00  0.00  0.09  0.00  0.01  0.00  0.04  0.00  0.00  0.00  0.00  0.70  0.05  0.03  0.00  0.06  0.00  0.0  0.0
19  0.00  0.00  0.00  0.00  0.00  0.00  0.01  0.00  0.00  0.24  0.02  0.05  0.01  0.02  0.00  0.00  0.01  0.02  0.10  0.20  0.15  0.00  0.18  0.00  0.0  0.0
20  0.03  0.00  0.00  0.00  0.00  0.00  0.01  0.02  0.02  0.12  0.01  0.01  0.00  0.03  0.00  0.00  0.00  0.04  0.10  0.18  0.26  0.00  0.14  0.00  0.0  0.0
21  0.02  0.02  0.00  0.00  0.01  0.00  0.28  0.00  0.01  0.00  0.00  0.00  0.00  0.01  0.05  0.02  0.00  0.00  0.00  0.00  0.00  0.51  0.04  0.02  0.0  0.0
22  0.04  0.00  0.00  0.00  0.01  0.01  0.01  0.00  0.01  0.06  0.01  0.01  0.00  0.02  0.00  0.01  0.00  0.00  0.01  0.02  0.01  0.01  0.75  0.01  0.0  0.0
23  0.00  0.03  0.00  0.00  0.02  0.01  0.10  0.00  0.00  0.01  0.00  0.00  0.00  0.00  0.10  0.02  0.00  0.00  0.00  0.00  0.01  0.02  0.00  0.65  0.0  0.0
24  0.01  0.00  0.00  0.00  0.00  0.00  0.00  0.00  0.02  0.03  0.02  0.00  0.00  0.00  0.00  0.00  0.01  0.00  0.01  0.02  0.01  0.00  0.85  0.00  0.0  0.0
25  0.00  0.00  0.00  0.00  0.00  0.00  0.00  0.00  0.00  0.01  0.00  0.00  0.00  0.00  0.19  0.00  0.00  0.00  0.00  0.01  0.00  0.15  0.22  0.41  0.0  0.0
Train confusion matrix:
     0    1    2    3    4    5    6    7    8    9    10   11   12   13   14   15   16   17   18   19   20   21   22   23   24   25
0   0.0  0.0  0.0  0.0  0.0  0.0  0.0  0.0  0.0  0.0  0.0  0.0  0.0  1.0  0.0  0.0  0.0  0.0  0.0  0.0  0.0  0.0  0.0  0.0  0.0  0.0
1   0.0  0.0  0.0  0.0  0.0  0.0  0.0  0.0  0.0  0.0  0.0  0.0  0.0  1.0  0.0  0.0  0.0  0.0  0.0  0.0  0.0  0.0  0.0  0.0  0.0  0.0
2   0.0  0.0  0.0  0.0  0.0  0.0  0.0  0.0  0.0  0.0  0.0  0.0  0.0  1.0  0.0  0.0  0.0  0.0  0.0  0.0  0.0  0.0  0.0  0.0  0.0  0.0
3   0.0  0.0  0.0  0.0  0.0  0.0  0.0  0.0  0.0  0.0  0.0  0.0  0.0  1.0  0.0  0.0  0.0  0.0  0.0  0.0  0.0  0.0  0.0  0.0  0.0  0.0
4   0.0  0.0  0.0  0.0  0.0  0.0  0.0  0.0  0.0  0.0  0.0  0.0  0.0  1.0  0.0  0.0  0.0  0.0  0.0  0.0  0.0  0.0  0.0  0.0  0.0  0.0
5   0.0  0.0  0.0  0.0  0.0  0.0  0.0  0.0  0.0  0.0  0.0  0.0  0.0  1.0  0.0  0.0  0.0  0.0  0.0  0.0  0.0  0.0  0.0  0.0  0.0  0.0
6   0.0  0.0  0.0  0.0  0.0  0.0  0.0  0.0  0.0  0.0  0.0  0.0  0.0  1.0  0.0  0.0  0.0  0.0  0.0  0.0  0.0  0.0  0.0  0.0  0.0  0.0
7   0.0  0.0  0.0  0.0  0.0  0.0  0.0  0.0  0.0  0.0  0.0  0.0  0.0  1.0  0.0  0.0  0.0  0.0  0.0  0.0  0.0  0.0  0.0  0.0  0.0  0.0
8   0.0  0.0  0.0  0.0  0.0  0.0  0.0  0.0  0.0  0.0  0.0  0.0  0.0  1.0  0.0  0.0  0.0  0.0  0.0  0.0  0.0  0.0  0.0  0.0  0.0  0.0
9   0.0  0.0  0.0  0.0  0.0  0.0  0.0  0.0  0.0  0.0  0.0  0.0  0.0  1.0  0.0  0.0  0.0  0.0  0.0  0.0  0.0  0.0  0.0  0.0  0.0  0.0
10  0.0  0.0  0.0  0.0  0.0  0.0  0.0  0.0  0.0  0.0  0.0  0.0  0.0  1.0  0.0  0.0  0.0  0.0  0.0  0.0  0.0  0.0  0.0  0.0  0.0  0.0
11  0.0  0.0  0.0  0.0  0.0  0.0  0.0  0.0  0.0  0.0  0.0  0.0  0.0  1.0  0.0  0.0  0.0  0.0  0.0  0.0  0.0  0.0  0.0  0.0  0.0  0.0
12  0.0  0.0  0.0  0.0  0.0  0.0  0.0  0.0  0.0  0.0  0.0  0.0  0.0  1.0  0.0  0.0  0.0  0.0  0.0  0.0  0.0  0.0  0.0  0.0  0.0  0.0
13  0.0  0.0  0.0  0.0  0.0  0.0  0.0  0.0  0.0  0.0  0.0  0.0  0.0  1.0  0.0  0.0  0.0  0.0  0.0  0.0  0.0  0.0  0.0  0.0  0.0  0.0
14  0.0  0.0  0.0  0.0  0.0  0.0  0.0  0.0  0.0  0.0  0.0  0.0  0.0  1.0  0.0  0.0  0.0  0.0  0.0  0.0  0.0  0.0  0.0  0.0  0.0  0.0
15  0.0  0.0  0.0  0.0  0.0  0.0  0.0  0.0  0.0  0.0  0.0  0.0  0.0  1.0  0.0  0.0  0.0  0.0  0.0  0.0  0.0  0.0  0.0  0.0  0.0  0.0
16  0.0  0.0  0.0  0.0  0.0  0.0  0.0  0.0  0.0  0.0  0.0  0.0  0.0  1.0  0.0  0.0  0.0  0.0  0.0  0.0  0.0  0.0  0.0  0.0  0.0  0.0
17  0.0  0.0  0.0  0.0  0.0  0.0  0.0  0.0  0.0  0.0  0.0  0.0  0.0  1.0  0.0  0.0  0.0  0.0  0.0  0.0  0.0  0.0  0.0  0.0  0.0  0.0
18  0.0  0.0  0.0  0.0  0.0  0.0  0.0  0.0  0.0  0.0  0.0  0.0  0.0  1.0  0.0  0.0  0.0  0.0  0.0  0.0  0.0  0.0  0.0  0.0  0.0  0.0
19  0.0  0.0  0.0  0.0  0.0  0.0  0.0  0.0  0.0  0.0  0.0  0.0  0.0  1.0  0.0  0.0  0.0  0.0  0.0  0.0  0.0  0.0  0.0  0.0  0.0  0.0
20  0.0  0.0  0.0  0.0  0.0  0.0  0.0  0.0  0.0  0.0  0.0  0.0  0.0  1.0  0.0  0.0  0.0  0.0  0.0  0.0  0.0  0.0  0.0  0.0  0.0  0.0
21  0.0  0.0  0.0  0.0  0.0  0.0  0.0  0.0  0.0  0.0  0.0  0.0  0.0  1.0  0.0  0.0  0.0  0.0  0.0  0.0  0.0  0.0  0.0  0.0  0.0  0.0
22  0.0  0.0  0.0  0.0  0.0  0.0  0.0  0.0  0.0  0.0  0.0  0.0  0.0  1.0  0.0  0.0  0.0  0.0  0.0  0.0  0.0  0.0  0.0  0.0  0.0  0.0
23  0.0  0.0  0.0  0.0  0.0  0.0  0.0  0.0  0.0  0.0  0.0  0.0  0.0  1.0  0.0  0.0  0.0  0.0  0.0  0.0  0.0  0.0  0.0  0.0  0.0  0.0
24  0.0  0.0  0.0  0.0  0.0  0.0  0.0  0.0  0.0  0.0  0.0  0.0  0.0  1.0  0.0  0.0  0.0  0.0  0.0  0.0  0.0  0.0  0.0  0.0  0.0  0.0
25  0.0  0.0  0.0  0.0  0.0  0.0  0.0  0.0  0.0  0.0  0.0  0.0  0.0  1.0  0.0  0.0  0.0  0.0  0.0  0.0  0.0  0.0  0.0  0.0  0.0  0.0
Epoch: 1, val loss: 540.8077, val loss1: 8.0558, val loss2: 528.1083, val loss3: 4.6436, val acc1: 0.2542, val acc2: 0.0000
Val confusion matrix:
      0     1    2     3     4     5     6     7    8     9     10   11   12    13    14    15   16   17    18   19    20    21    22    23    24    25    26    27   28    29    30    31
0   0.61  0.00  0.0  0.00  0.00  0.00  0.00  0.02  0.0  0.01  0.02  0.0  0.0  0.02  0.00  0.00  0.0  0.0  0.00  0.0  0.03  0.03  0.01  0.00  0.00  0.01  0.00  0.00  0.0  0.05  0.15  0.01
1   0.02  0.74  0.0  0.00  0.00  0.07  0.06  0.04  0.0  0.00  0.00  0.0  0.0  0.00  0.00  0.00  0.0  0.0  0.00  0.0  0.00  0.00  0.06  0.00  0.00  0.00  0.00  0.00  0.0  0.00  0.00  0.00
2   0.03  0.74  0.0  0.01  0.00  0.04  0.01  0.03  0.0  0.00  0.00  0.0  0.0  0.00  0.00  0.00  0.0  0.0  0.00  0.0  0.00  0.00  0.14  0.00  0.00  0.00  0.00  0.00  0.0  0.00  0.00  0.00
3    NaN   NaN  NaN   NaN   NaN   NaN   NaN   NaN  NaN   NaN   NaN  NaN  NaN   NaN   NaN   NaN  NaN  NaN   NaN  NaN   NaN   NaN   NaN   NaN   NaN   NaN   NaN   NaN  NaN   NaN   NaN   NaN
4    NaN   NaN  NaN   NaN   NaN   NaN   NaN   NaN  NaN   NaN   NaN  NaN  NaN   NaN   NaN   NaN  NaN  NaN   NaN  NaN   NaN   NaN   NaN   NaN   NaN   NaN   NaN   NaN  NaN   NaN   NaN   NaN
5   0.03  0.20  0.0  0.00  0.00  0.31  0.29  0.04  0.0  0.02  0.00  0.0  0.0  0.00  0.00  0.00  0.0  0.0  0.00  0.0  0.00  0.00  0.11  0.00  0.00  0.00  0.00  0.00  0.0  0.00  0.00  0.00
6   0.02  0.14  0.0  0.00  0.00  0.04  0.68  0.07  0.0  0.01  0.00  0.0  0.0  0.00  0.00  0.00  0.0  0.0  0.00  0.0  0.00  0.00  0.01  0.00  0.00  0.00  0.00  0.00  0.0  0.00  0.00  0.01
7   0.04  0.07  0.0  0.00  0.00  0.00  0.01  0.72  0.0  0.00  0.00  0.0  0.0  0.03  0.00  0.01  0.0  0.0  0.00  0.0  0.01  0.00  0.00  0.00  0.01  0.01  0.03  0.01  0.0  0.02  0.01  0.01
8   0.07  0.42  0.0  0.00  0.00  0.06  0.19  0.23  0.0  0.00  0.00  0.0  0.0  0.00  0.00  0.00  0.0  0.0  0.00  0.0  0.00  0.00  0.02  0.00  0.00  0.00  0.00  0.00  0.0  0.00  0.00  0.00
9    NaN   NaN  NaN   NaN   NaN   NaN   NaN   NaN  NaN   NaN   NaN  NaN  NaN   NaN   NaN   NaN  NaN  NaN   NaN  NaN   NaN   NaN   NaN   NaN   NaN   NaN   NaN   NaN  NaN   NaN   NaN   NaN
10   NaN   NaN  NaN   NaN   NaN   NaN   NaN   NaN  NaN   NaN   NaN  NaN  NaN   NaN   NaN   NaN  NaN  NaN   NaN  NaN   NaN   NaN   NaN   NaN   NaN   NaN   NaN   NaN  NaN   NaN   NaN   NaN
11  0.12  0.62  0.0  0.03  0.00  0.03  0.07  0.09  0.0  0.00  0.00  0.0  0.0  0.00  0.00  0.00  0.0  0.0  0.00  0.0  0.00  0.00  0.03  0.00  0.00  0.00  0.00  0.00  0.0  0.00  0.00  0.00
12  0.11  0.24  0.0  0.00  0.02  0.09  0.02  0.03  0.0  0.02  0.00  0.0  0.0  0.00  0.00  0.00  0.0  0.0  0.00  0.0  0.02  0.00  0.45  0.00  0.00  0.00  0.00  0.00  0.0  0.00  0.00  0.00
13   NaN   NaN  NaN   NaN   NaN   NaN   NaN   NaN  NaN   NaN   NaN  NaN  NaN   NaN   NaN   NaN  NaN  NaN   NaN  NaN   NaN   NaN   NaN   NaN   NaN   NaN   NaN   NaN  NaN   NaN   NaN   NaN
14   NaN   NaN  NaN   NaN   NaN   NaN   NaN   NaN  NaN   NaN   NaN  NaN  NaN   NaN   NaN   NaN  NaN  NaN   NaN  NaN   NaN   NaN   NaN   NaN   NaN   NaN   NaN   NaN  NaN   NaN   NaN   NaN
15   NaN   NaN  NaN   NaN   NaN   NaN   NaN   NaN  NaN   NaN   NaN  NaN  NaN   NaN   NaN   NaN  NaN  NaN   NaN  NaN   NaN   NaN   NaN   NaN   NaN   NaN   NaN   NaN  NaN   NaN   NaN   NaN
16  0.06  0.02  0.0  0.02  0.00  0.00  0.00  0.08  0.0  0.00  0.00  0.0  0.0  0.01  0.02  0.04  0.0  0.0  0.00  0.0  0.03  0.29  0.02  0.03  0.00  0.01  0.00  0.00  0.0  0.31  0.05  0.02
17  0.03  0.57  0.0  0.00  0.00  0.01  0.15  0.23  0.0  0.00  0.00  0.0  0.0  0.00  0.00  0.00  0.0  0.0  0.00  0.0  0.00  0.00  0.01  0.00  0.00  0.00  0.00  0.00  0.0  0.00  0.00  0.00
18   NaN   NaN  NaN   NaN   NaN   NaN   NaN   NaN  NaN   NaN   NaN  NaN  NaN   NaN   NaN   NaN  NaN  NaN   NaN  NaN   NaN   NaN   NaN   NaN   NaN   NaN   NaN   NaN  NaN   NaN   NaN   NaN
19  0.06  0.15  0.0  0.21  0.06  0.07  0.01  0.02  0.0  0.04  0.04  0.0  0.0  0.03  0.04  0.01  0.0  0.0  0.05  0.0  0.12  0.00  0.03  0.04  0.00  0.01  0.00  0.00  0.0  0.01  0.01  0.00
20   NaN   NaN  NaN   NaN   NaN   NaN   NaN   NaN  NaN   NaN   NaN  NaN  NaN   NaN   NaN   NaN  NaN  NaN   NaN  NaN   NaN   NaN   NaN   NaN   NaN   NaN   NaN   NaN  NaN   NaN   NaN   NaN
21   NaN   NaN  NaN   NaN   NaN   NaN   NaN   NaN  NaN   NaN   NaN  NaN  NaN   NaN   NaN   NaN  NaN  NaN   NaN  NaN   NaN   NaN   NaN   NaN   NaN   NaN   NaN   NaN  NaN   NaN   NaN   NaN
22  0.12  0.11  0.0  0.00  0.02  0.05  0.02  0.02  0.0  0.01  0.00  0.0  0.0  0.00  0.00  0.00  0.0  0.0  0.00  0.0  0.02  0.00  0.63  0.00  0.00  0.00  0.00  0.00  0.0  0.00  0.00  0.00
23   NaN   NaN  NaN   NaN   NaN   NaN   NaN   NaN  NaN   NaN   NaN  NaN  NaN   NaN   NaN   NaN  NaN  NaN   NaN  NaN   NaN   NaN   NaN   NaN   NaN   NaN   NaN   NaN  NaN   NaN   NaN   NaN
24   NaN   NaN  NaN   NaN   NaN   NaN   NaN   NaN  NaN   NaN   NaN  NaN  NaN   NaN   NaN   NaN  NaN  NaN   NaN  NaN   NaN   NaN   NaN   NaN   NaN   NaN   NaN   NaN  NaN   NaN   NaN   NaN
25  0.00  0.00  0.0  0.00  0.00  0.00  0.00  0.02  0.0  0.00  0.00  0.0  0.0  0.23  0.01  0.01  0.0  0.0  0.00  0.0  0.02  0.00  0.00  0.00  0.10  0.18  0.19  0.13  0.0  0.00  0.09  0.00
26   NaN   NaN  NaN   NaN   NaN   NaN   NaN   NaN  NaN   NaN   NaN  NaN  NaN   NaN   NaN   NaN  NaN  NaN   NaN  NaN   NaN   NaN   NaN   NaN   NaN   NaN   NaN   NaN  NaN   NaN   NaN   NaN
27  0.02  0.00  0.0  0.01  0.00  0.00  0.00  0.01  0.0  0.00  0.00  0.0  0.0  0.22  0.01  0.02  0.0  0.0  0.01  0.0  0.02  0.00  0.00  0.03  0.04  0.19  0.15  0.15  0.0  0.00  0.12  0.00
28  0.00  0.00  0.0  0.01  0.00  0.00  0.00  0.02  0.0  0.00  0.01  0.0  0.0  0.10  0.04  0.04  0.0  0.0  0.01  0.0  0.03  0.01  0.00  0.01  0.04  0.19  0.16  0.17  0.0  0.02  0.15  0.00
29   NaN   NaN  NaN   NaN   NaN   NaN   NaN   NaN  NaN   NaN   NaN  NaN  NaN   NaN   NaN   NaN  NaN  NaN   NaN  NaN   NaN   NaN   NaN   NaN   NaN   NaN   NaN   NaN  NaN   NaN   NaN   NaN
30  0.03  0.01  0.0  0.00  0.00  0.00  0.01  0.04  0.0  0.00  0.00  0.0  0.0  0.14  0.01  0.02  0.0  0.0  0.00  0.0  0.01  0.00  0.00  0.01  0.00  0.01  0.03  0.01  0.0  0.01  0.65  0.00
31   NaN   NaN  NaN   NaN   NaN   NaN   NaN   NaN  NaN   NaN   NaN  NaN  NaN   NaN   NaN   NaN  NaN  NaN   NaN  NaN   NaN   NaN   NaN   NaN   NaN   NaN   NaN   NaN  NaN   NaN   NaN   NaN
Val confusion matrix:
     0    1    2    3    4    5    6    7    8    9    10   11   12   13   14   15   16   17
0   0.0  0.0  0.0  0.0  0.0  0.0  0.0  0.0  0.0  0.0  0.0  0.0  1.0  0.0  0.0  0.0  0.0  0.0
1   0.0  0.0  0.0  0.0  0.0  0.0  0.0  0.0  0.0  0.0  0.0  0.0  1.0  0.0  0.0  0.0  0.0  0.0
2   0.0  0.0  0.0  0.0  0.0  0.0  0.0  0.0  0.0  0.0  0.0  0.0  1.0  0.0  0.0  0.0  0.0  0.0
3   0.0  0.0  0.0  0.0  0.0  0.0  0.0  0.0  0.0  0.0  0.0  0.0  1.0  0.0  0.0  0.0  0.0  0.0
4   0.0  0.0  0.0  0.0  0.0  0.0  0.0  0.0  0.0  0.0  0.0  0.0  1.0  0.0  0.0  0.0  0.0  0.0
5   0.0  0.0  0.0  0.0  0.0  0.0  0.0  0.0  0.0  0.0  0.0  0.0  1.0  0.0  0.0  0.0  0.0  0.0
6   0.0  0.0  0.0  0.0  0.0  0.0  0.0  0.0  0.0  0.0  0.0  0.0  1.0  0.0  0.0  0.0  0.0  0.0
7   0.0  0.0  0.0  0.0  0.0  0.0  0.0  0.0  0.0  0.0  0.0  0.0  1.0  0.0  0.0  0.0  0.0  0.0
8   0.0  0.0  0.0  0.0  0.0  0.0  0.0  0.0  0.0  0.0  0.0  0.0  1.0  0.0  0.0  0.0  0.0  0.0
9   0.0  0.0  0.0  0.0  0.0  0.0  0.0  0.0  0.0  0.0  0.0  0.0  1.0  0.0  0.0  0.0  0.0  0.0
10  0.0  0.0  0.0  0.0  0.0  0.0  0.0  0.0  0.0  0.0  0.0  0.0  1.0  0.0  0.0  0.0  0.0  0.0
11  0.0  0.0  0.0  0.0  0.0  0.0  0.0  0.0  0.0  0.0  0.0  0.0  1.0  0.0  0.0  0.0  0.0  0.0
12  NaN  NaN  NaN  NaN  NaN  NaN  NaN  NaN  NaN  NaN  NaN  NaN  NaN  NaN  NaN  NaN  NaN  NaN
13  0.0  0.0  0.0  0.0  0.0  0.0  0.0  0.0  0.0  0.0  0.0  0.0  1.0  0.0  0.0  0.0  0.0  0.0
14  0.0  0.0  0.0  0.0  0.0  0.0  0.0  0.0  0.0  0.0  0.0  0.0  1.0  0.0  0.0  0.0  0.0  0.0
15  0.0  0.0  0.0  0.0  0.0  0.0  0.0  0.0  0.0  0.0  0.0  0.0  1.0  0.0  0.0  0.0  0.0  0.0
16  0.0  0.0  0.0  0.0  0.0  0.0  0.0  0.0  0.0  0.0  0.0  0.0  1.0  0.0  0.0  0.0  0.0  0.0
17  0.0  0.0  0.0  0.0  0.0  0.0  0.0  0.0  0.0  0.0  0.0  0.0  1.0  0.0  0.0  0.0  0.0  0.0
