Comment: sota
Params: hidden_dim = 128, num_layers = 2, dropout = 0.3, window_size = 250, stride = 25, batch_size = 512, mask_ratio = 0.15 lr = 0.001, weight_decay = 0.0001, num_epochs = 800 alpha = 10, beta = 0.001, gamma = 1 
Epoch: 0, train loss: 27.5854, train loss1: 2.3404, train loss2: 771.7925, train loss3: 3.4096, train acc1: 0.3268, train acc2: 0.0682
Epoch: 0, val loss: 779.7999, val loss1: 1.6560, val loss2: 774.7670, val loss3: 3.3769, val acc1: 0.4938, val acc2: 0.0805
Val confusion matrix:
(array([[0.6 , 0.01, 0.  , 0.  , 0.01, 0.01, 0.01, 0.02, 0.02, 0.1 , 0.02,
        0.01, 0.  , 0.01, 0.  , 0.  , 0.02, 0.  , 0.  , 0.  , 0.  , 0.  ,
        0.04, 0.  , 0.  , 0.02, 0.  , 0.01, 0.  , 0.  , 0.07, 0.  , 0.  ,
        0.  ],
       [0.01, 0.64, 0.  , 0.  , 0.01, 0.04, 0.03, 0.01, 0.13, 0.01, 0.  ,
        0.03, 0.  , 0.  , 0.  , 0.  , 0.  , 0.02, 0.  , 0.  , 0.  , 0.  ,
        0.05, 0.  , 0.  , 0.  , 0.  , 0.  , 0.  , 0.  , 0.  , 0.  , 0.  ,
        0.  ],
       [0.  , 0.23, 0.36, 0.  , 0.01, 0.02, 0.  , 0.  , 0.03, 0.03, 0.  ,
        0.24, 0.01, 0.  , 0.  , 0.  , 0.  , 0.01, 0.  , 0.  , 0.01, 0.  ,
        0.05, 0.  , 0.  , 0.  , 0.  , 0.  , 0.  , 0.  , 0.  , 0.  , 0.  ,
        0.  ],
       [0.  , 0.01, 0.  , 0.29, 0.03, 0.  , 0.  , 0.  , 0.01, 0.01, 0.07,
        0.  , 0.  , 0.03, 0.08, 0.  , 0.03, 0.  , 0.18, 0.07, 0.04, 0.01,
        0.  , 0.08, 0.  , 0.  , 0.  , 0.02, 0.  , 0.  , 0.02, 0.  , 0.  ,
        0.  ],
       [0.02, 0.02, 0.  , 0.  , 0.07, 0.02, 0.01, 0.  , 0.  , 0.46, 0.07,
        0.  , 0.01, 0.02, 0.01, 0.  , 0.  , 0.  , 0.11, 0.01, 0.05, 0.  ,
        0.07, 0.  , 0.  , 0.01, 0.  , 0.02, 0.  , 0.  , 0.02, 0.  , 0.  ,
        0.  ],
       [0.  , 0.16, 0.  , 0.  , 0.01, 0.42, 0.22, 0.01, 0.04, 0.04, 0.  ,
        0.01, 0.01, 0.  , 0.  , 0.  , 0.  , 0.  , 0.  , 0.  , 0.  , 0.  ,
        0.05, 0.  , 0.  , 0.  , 0.  , 0.  , 0.  , 0.  , 0.  , 0.  , 0.  ,
        0.  ],
       [0.02, 0.06, 0.  , 0.  , 0.01, 0.15, 0.59, 0.01, 0.08, 0.03, 0.  ,
        0.01, 0.  , 0.  , 0.  , 0.  , 0.  , 0.01, 0.  , 0.  , 0.  , 0.  ,
        0.03, 0.  , 0.  , 0.  , 0.  , 0.  , 0.  , 0.  , 0.  , 0.  , 0.  ,
        0.  ],
       [0.02, 0.01, 0.  , 0.  , 0.  , 0.01, 0.02, 0.64, 0.16, 0.  , 0.  ,
        0.01, 0.  , 0.  , 0.  , 0.  , 0.  , 0.01, 0.  , 0.  , 0.  , 0.  ,
        0.01, 0.  , 0.  , 0.02, 0.  , 0.03, 0.  , 0.  , 0.04, 0.  , 0.  ,
        0.  ],
       [0.  , 0.04, 0.  , 0.  , 0.  , 0.02, 0.07, 0.02, 0.62, 0.  , 0.  ,
        0.04, 0.  , 0.  , 0.  , 0.  , 0.  , 0.16, 0.  , 0.  , 0.  , 0.  ,
        0.01, 0.  , 0.  , 0.  , 0.  , 0.  , 0.  , 0.  , 0.01, 0.  , 0.  ,
        0.  ],
       [0.02, 0.01, 0.  , 0.  , 0.01, 0.03, 0.  , 0.01, 0.  , 0.84, 0.03,
        0.  , 0.  , 0.  , 0.01, 0.  , 0.  , 0.  , 0.01, 0.  , 0.01, 0.  ,
        0.  , 0.  , 0.  , 0.  , 0.  , 0.  , 0.  , 0.  , 0.02, 0.  , 0.  ,
        0.  ],
       [0.01, 0.01, 0.  , 0.  , 0.01, 0.01, 0.01, 0.02, 0.  , 0.23, 0.51,
        0.  , 0.  , 0.01, 0.02, 0.  , 0.  , 0.  , 0.03, 0.01, 0.03, 0.01,
        0.02, 0.  , 0.  , 0.01, 0.  , 0.03, 0.  , 0.  , 0.01, 0.  , 0.  ,
        0.  ],
       [0.03, 0.08, 0.01, 0.  , 0.  , 0.02, 0.01, 0.  , 0.25, 0.  , 0.  ,
        0.43, 0.02, 0.  , 0.  , 0.  , 0.  , 0.1 , 0.  , 0.  , 0.  , 0.  ,
        0.04, 0.  , 0.  , 0.  , 0.  , 0.  , 0.  , 0.  , 0.  , 0.  , 0.  ,
        0.  ],
       [0.02, 0.14, 0.01, 0.  , 0.01, 0.11, 0.02, 0.  , 0.03, 0.05, 0.  ,
        0.04, 0.04, 0.  , 0.  , 0.  , 0.  , 0.02, 0.  , 0.  , 0.  , 0.  ,
        0.49, 0.  , 0.  , 0.  , 0.  , 0.  , 0.  , 0.  , 0.  , 0.  , 0.  ,
        0.  ],
       [0.  , 0.  , 0.  , 0.  , 0.  , 0.  , 0.  , 0.01, 0.  , 0.01, 0.1 ,
        0.  , 0.  , 0.22, 0.03, 0.  , 0.02, 0.  , 0.07, 0.  , 0.03, 0.  ,
        0.  , 0.  , 0.  , 0.09, 0.  , 0.22, 0.  , 0.  , 0.17, 0.  , 0.  ,
        0.  ],
       [0.  , 0.  , 0.  , 0.  , 0.  , 0.01, 0.  , 0.03, 0.  , 0.01, 0.08,
        0.  , 0.  , 0.1 , 0.24, 0.  , 0.08, 0.  , 0.06, 0.  , 0.06, 0.  ,
        0.  , 0.01, 0.  , 0.07, 0.  , 0.11, 0.  , 0.01, 0.1 , 0.  , 0.  ,
        0.  ],
       [0.  , 0.01, 0.  , 0.  , 0.  , 0.  , 0.  , 0.07, 0.  , 0.  , 0.06,
        0.  , 0.  , 0.12, 0.07, 0.  , 0.05, 0.  , 0.03, 0.  , 0.01, 0.01,
        0.  , 0.01, 0.  , 0.11, 0.  , 0.23, 0.  , 0.01, 0.21, 0.01, 0.  ,
        0.  ],
       [0.  , 0.  , 0.  , 0.  , 0.  , 0.  , 0.  , 0.02, 0.  , 0.  , 0.02,
        0.  , 0.  , 0.01, 0.04, 0.  , 0.75, 0.  , 0.01, 0.  , 0.  , 0.09,
        0.  , 0.01, 0.  , 0.03, 0.  , 0.01, 0.  , 0.01, 0.01, 0.  , 0.  ,
        0.  ],
       [0.  , 0.04, 0.  , 0.  , 0.  , 0.01, 0.06, 0.01, 0.3 , 0.  , 0.  ,
        0.01, 0.  , 0.  , 0.  , 0.  , 0.  , 0.55, 0.  , 0.  , 0.  , 0.  ,
        0.01, 0.  , 0.  , 0.  , 0.  , 0.  , 0.  , 0.  , 0.  , 0.  , 0.  ,
        0.  ],
       [0.  , 0.  , 0.  , 0.01, 0.  , 0.01, 0.01, 0.  , 0.  , 0.02, 0.05,
        0.  , 0.  , 0.07, 0.06, 0.  , 0.  , 0.  , 0.67, 0.  , 0.04, 0.  ,
        0.  , 0.  , 0.  , 0.01, 0.  , 0.02, 0.  , 0.  , 0.01, 0.  , 0.  ,
        0.  ],
       [0.01, 0.02, 0.  , 0.01, 0.1 , 0.02, 0.01, 0.  , 0.  , 0.2 , 0.03,
        0.  , 0.  , 0.03, 0.04, 0.  , 0.  , 0.  , 0.2 , 0.25, 0.03, 0.  ,
        0.  , 0.01, 0.  , 0.01, 0.  , 0.02, 0.  , 0.  , 0.01, 0.  , 0.  ,
        0.  ],
       [0.01, 0.  , 0.  , 0.  , 0.02, 0.  , 0.  , 0.  , 0.  , 0.01, 0.03,
        0.  , 0.  , 0.05, 0.02, 0.  , 0.  , 0.  , 0.03, 0.  , 0.73, 0.  ,
        0.  , 0.  , 0.  , 0.03, 0.  , 0.03, 0.  , 0.  , 0.03, 0.  , 0.  ,
        0.  ],
       [0.  , 0.02, 0.  , 0.  , 0.  , 0.04, 0.04, 0.04, 0.  , 0.  , 0.  ,
        0.  , 0.  , 0.  , 0.  , 0.  , 0.17, 0.  , 0.  , 0.  , 0.  , 0.67,
        0.  , 0.  , 0.  , 0.  , 0.  , 0.  , 0.  , 0.  , 0.  , 0.01, 0.  ,
        0.  ],
       [0.01, 0.08, 0.01, 0.01, 0.02, 0.04, 0.01, 0.  , 0.02, 0.03, 0.  ,
        0.02, 0.01, 0.  , 0.  , 0.  , 0.  , 0.  , 0.  , 0.  , 0.01, 0.  ,
        0.73, 0.  , 0.  , 0.  , 0.  , 0.  , 0.  , 0.  , 0.  , 0.  , 0.  ,
        0.  ],
       [0.01, 0.03, 0.  , 0.01, 0.  , 0.01, 0.01, 0.03, 0.  , 0.02, 0.11,
        0.  , 0.  , 0.1 , 0.07, 0.  , 0.01, 0.  , 0.26, 0.03, 0.03, 0.  ,
        0.  , 0.18, 0.  , 0.02, 0.  , 0.02, 0.  , 0.  , 0.05, 0.  , 0.  ,
        0.  ],
       [0.  , 0.  , 0.  , 0.  , 0.  , 0.  , 0.  , 0.04, 0.  , 0.  , 0.04,
        0.  , 0.  , 0.04, 0.  , 0.  , 0.  , 0.  , 0.01, 0.  , 0.  , 0.01,
        0.  , 0.  , 0.  , 0.36, 0.  , 0.4 , 0.  , 0.  , 0.09, 0.  , 0.  ,
        0.  ],
       [0.  , 0.  , 0.  , 0.  , 0.  , 0.  , 0.  , 0.03, 0.  , 0.  , 0.02,
        0.  , 0.  , 0.05, 0.01, 0.  , 0.  , 0.  , 0.  , 0.  , 0.02, 0.  ,
        0.  , 0.  , 0.  , 0.42, 0.  , 0.39, 0.  , 0.  , 0.06, 0.  , 0.  ,
        0.  ],
       [0.  , 0.  , 0.  , 0.  , 0.  , 0.  , 0.  , 0.02, 0.  , 0.  , 0.01,
        0.  , 0.  , 0.04, 0.02, 0.  , 0.01, 0.  , 0.01, 0.  , 0.  , 0.  ,
        0.  , 0.  , 0.  , 0.09, 0.  , 0.62, 0.  , 0.  , 0.18, 0.  , 0.  ,
        0.  ],
       [0.01, 0.01, 0.  , 0.  , 0.01, 0.  , 0.  , 0.01, 0.  , 0.02, 0.03,
        0.  , 0.  , 0.02, 0.03, 0.  , 0.01, 0.  , 0.  , 0.  , 0.  , 0.  ,
        0.  , 0.  , 0.  , 0.08, 0.  , 0.63, 0.  , 0.  , 0.13, 0.  , 0.  ,
        0.  ],
       [0.  , 0.  , 0.  , 0.  , 0.  , 0.  , 0.  , 0.03, 0.  , 0.  , 0.03,
        0.  , 0.  , 0.03, 0.03, 0.  , 0.03, 0.  , 0.  , 0.  , 0.  , 0.  ,
        0.  , 0.01, 0.  , 0.23, 0.  , 0.45, 0.  , 0.  , 0.15, 0.  , 0.  ,
        0.  ],
       [0.01, 0.04, 0.  , 0.  , 0.  , 0.05, 0.05, 0.34, 0.05, 0.  , 0.02,
        0.01, 0.  , 0.  , 0.01, 0.  , 0.08, 0.  , 0.  , 0.  , 0.  , 0.12,
        0.  , 0.  , 0.  , 0.02, 0.  , 0.01, 0.  , 0.07, 0.1 , 0.02, 0.  ,
        0.  ],
       [0.03, 0.  , 0.  , 0.  , 0.  , 0.01, 0.01, 0.02, 0.01, 0.01, 0.02,
        0.  , 0.  , 0.03, 0.01, 0.  , 0.  , 0.  , 0.  , 0.  , 0.  , 0.  ,
        0.01, 0.01, 0.  , 0.01, 0.  , 0.06, 0.  , 0.  , 0.76, 0.  , 0.  ,
        0.  ],
       [0.01, 0.02, 0.  , 0.  , 0.  , 0.07, 0.18, 0.27, 0.01, 0.01, 0.02,
        0.  , 0.  , 0.  , 0.01, 0.  , 0.02, 0.  , 0.  , 0.  , 0.  , 0.24,
        0.01, 0.  , 0.  , 0.  , 0.  , 0.  , 0.  , 0.  , 0.03, 0.08, 0.  ,
        0.  ],
       [0.01, 0.  , 0.  , 0.01, 0.  , 0.  , 0.  , 0.  , 0.  , 0.02, 0.05,
        0.  , 0.  , 0.04, 0.01, 0.  , 0.  , 0.  , 0.01, 0.  , 0.  , 0.  ,
        0.  , 0.  , 0.  , 0.  , 0.  , 0.05, 0.  , 0.  , 0.8 , 0.  , 0.  ,
        0.  ],
       [0.  , 0.  , 0.  , 0.  , 0.  , 0.  , 0.08, 0.08, 0.  , 0.  , 0.  ,
        0.  , 0.  , 0.  , 0.  , 0.  , 0.03, 0.  , 0.  , 0.  , 0.  , 0.56,
        0.  , 0.  , 0.  , 0.  , 0.  , 0.  , 0.  , 0.  , 0.25, 0.  , 0.  ,
        0.  ]]), array([[0., 1., 0., 0., 0., 0., 0., 0., 0., 0., 0., 0., 0., 0., 0., 0.,
        0., 0., 0., 0., 0., 0., 0., 0., 0., 0., 0., 0., 0., 0., 0., 0.,
        0., 0.],
       [0., 1., 0., 0., 0., 0., 0., 0., 0., 0., 0., 0., 0., 0., 0., 0.,
        0., 0., 0., 0., 0., 0., 0., 0., 0., 0., 0., 0., 0., 0., 0., 0.,
        0., 0.],
       [0., 1., 0., 0., 0., 0., 0., 0., 0., 0., 0., 0., 0., 0., 0., 0.,
        0., 0., 0., 0., 0., 0., 0., 0., 0., 0., 0., 0., 0., 0., 0., 0.,
        0., 0.],
       [0., 1., 0., 0., 0., 0., 0., 0., 0., 0., 0., 0., 0., 0., 0., 0.,
        0., 0., 0., 0., 0., 0., 0., 0., 0., 0., 0., 0., 0., 0., 0., 0.,
        0., 0.],
       [0., 1., 0., 0., 0., 0., 0., 0., 0., 0., 0., 0., 0., 0., 0., 0.,
        0., 0., 0., 0., 0., 0., 0., 0., 0., 0., 0., 0., 0., 0., 0., 0.,
        0., 0.],
       [0., 1., 0., 0., 0., 0., 0., 0., 0., 0., 0., 0., 0., 0., 0., 0.,
        0., 0., 0., 0., 0., 0., 0., 0., 0., 0., 0., 0., 0., 0., 0., 0.,
        0., 0.],
       [0., 1., 0., 0., 0., 0., 0., 0., 0., 0., 0., 0., 0., 0., 0., 0.,
        0., 0., 0., 0., 0., 0., 0., 0., 0., 0., 0., 0., 0., 0., 0., 0.,
        0., 0.],
       [0., 1., 0., 0., 0., 0., 0., 0., 0., 0., 0., 0., 0., 0., 0., 0.,
        0., 0., 0., 0., 0., 0., 0., 0., 0., 0., 0., 0., 0., 0., 0., 0.,
        0., 0.],
       [0., 1., 0., 0., 0., 0., 0., 0., 0., 0., 0., 0., 0., 0., 0., 0.,
        0., 0., 0., 0., 0., 0., 0., 0., 0., 0., 0., 0., 0., 0., 0., 0.,
        0., 0.],
       [0., 1., 0., 0., 0., 0., 0., 0., 0., 0., 0., 0., 0., 0., 0., 0.,
        0., 0., 0., 0., 0., 0., 0., 0., 0., 0., 0., 0., 0., 0., 0., 0.,
        0., 0.],
       [0., 1., 0., 0., 0., 0., 0., 0., 0., 0., 0., 0., 0., 0., 0., 0.,
        0., 0., 0., 0., 0., 0., 0., 0., 0., 0., 0., 0., 0., 0., 0., 0.,
        0., 0.],
       [0., 1., 0., 0., 0., 0., 0., 0., 0., 0., 0., 0., 0., 0., 0., 0.,
        0., 0., 0., 0., 0., 0., 0., 0., 0., 0., 0., 0., 0., 0., 0., 0.,
        0., 0.],
       [0., 1., 0., 0., 0., 0., 0., 0., 0., 0., 0., 0., 0., 0., 0., 0.,
        0., 0., 0., 0., 0., 0., 0., 0., 0., 0., 0., 0., 0., 0., 0., 0.,
        0., 0.],
       [0., 1., 0., 0., 0., 0., 0., 0., 0., 0., 0., 0., 0., 0., 0., 0.,
        0., 0., 0., 0., 0., 0., 0., 0., 0., 0., 0., 0., 0., 0., 0., 0.,
        0., 0.],
       [0., 1., 0., 0., 0., 0., 0., 0., 0., 0., 0., 0., 0., 0., 0., 0.,
        0., 0., 0., 0., 0., 0., 0., 0., 0., 0., 0., 0., 0., 0., 0., 0.,
        0., 0.],
       [0., 1., 0., 0., 0., 0., 0., 0., 0., 0., 0., 0., 0., 0., 0., 0.,
        0., 0., 0., 0., 0., 0., 0., 0., 0., 0., 0., 0., 0., 0., 0., 0.,
        0., 0.],
       [0., 1., 0., 0., 0., 0., 0., 0., 0., 0., 0., 0., 0., 0., 0., 0.,
        0., 0., 0., 0., 0., 0., 0., 0., 0., 0., 0., 0., 0., 0., 0., 0.,
        0., 0.],
       [0., 1., 0., 0., 0., 0., 0., 0., 0., 0., 0., 0., 0., 0., 0., 0.,
        0., 0., 0., 0., 0., 0., 0., 0., 0., 0., 0., 0., 0., 0., 0., 0.,
        0., 0.],
       [0., 1., 0., 0., 0., 0., 0., 0., 0., 0., 0., 0., 0., 0., 0., 0.,
        0., 0., 0., 0., 0., 0., 0., 0., 0., 0., 0., 0., 0., 0., 0., 0.,
        0., 0.],
       [0., 1., 0., 0., 0., 0., 0., 0., 0., 0., 0., 0., 0., 0., 0., 0.,
        0., 0., 0., 0., 0., 0., 0., 0., 0., 0., 0., 0., 0., 0., 0., 0.,
        0., 0.],
       [0., 1., 0., 0., 0., 0., 0., 0., 0., 0., 0., 0., 0., 0., 0., 0.,
        0., 0., 0., 0., 0., 0., 0., 0., 0., 0., 0., 0., 0., 0., 0., 0.,
        0., 0.],
       [0., 1., 0., 0., 0., 0., 0., 0., 0., 0., 0., 0., 0., 0., 0., 0.,
        0., 0., 0., 0., 0., 0., 0., 0., 0., 0., 0., 0., 0., 0., 0., 0.,
        0., 0.],
       [0., 1., 0., 0., 0., 0., 0., 0., 0., 0., 0., 0., 0., 0., 0., 0.,
        0., 0., 0., 0., 0., 0., 0., 0., 0., 0., 0., 0., 0., 0., 0., 0.,
        0., 0.],
       [0., 1., 0., 0., 0., 0., 0., 0., 0., 0., 0., 0., 0., 0., 0., 0.,
        0., 0., 0., 0., 0., 0., 0., 0., 0., 0., 0., 0., 0., 0., 0., 0.,
        0., 0.],
       [0., 1., 0., 0., 0., 0., 0., 0., 0., 0., 0., 0., 0., 0., 0., 0.,
        0., 0., 0., 0., 0., 0., 0., 0., 0., 0., 0., 0., 0., 0., 0., 0.,
        0., 0.],
       [0., 1., 0., 0., 0., 0., 0., 0., 0., 0., 0., 0., 0., 0., 0., 0.,
        0., 0., 0., 0., 0., 0., 0., 0., 0., 0., 0., 0., 0., 0., 0., 0.,
        0., 0.],
       [0., 1., 0., 0., 0., 0., 0., 0., 0., 0., 0., 0., 0., 0., 0., 0.,
        0., 0., 0., 0., 0., 0., 0., 0., 0., 0., 0., 0., 0., 0., 0., 0.,
        0., 0.],
       [0., 1., 0., 0., 0., 0., 0., 0., 0., 0., 0., 0., 0., 0., 0., 0.,
        0., 0., 0., 0., 0., 0., 0., 0., 0., 0., 0., 0., 0., 0., 0., 0.,
        0., 0.],
       [0., 1., 0., 0., 0., 0., 0., 0., 0., 0., 0., 0., 0., 0., 0., 0.,
        0., 0., 0., 0., 0., 0., 0., 0., 0., 0., 0., 0., 0., 0., 0., 0.,
        0., 0.],
       [0., 1., 0., 0., 0., 0., 0., 0., 0., 0., 0., 0., 0., 0., 0., 0.,
        0., 0., 0., 0., 0., 0., 0., 0., 0., 0., 0., 0., 0., 0., 0., 0.,
        0., 0.],
       [0., 1., 0., 0., 0., 0., 0., 0., 0., 0., 0., 0., 0., 0., 0., 0.,
        0., 0., 0., 0., 0., 0., 0., 0., 0., 0., 0., 0., 0., 0., 0., 0.,
        0., 0.],
       [0., 1., 0., 0., 0., 0., 0., 0., 0., 0., 0., 0., 0., 0., 0., 0.,
        0., 0., 0., 0., 0., 0., 0., 0., 0., 0., 0., 0., 0., 0., 0., 0.,
        0., 0.],
       [0., 1., 0., 0., 0., 0., 0., 0., 0., 0., 0., 0., 0., 0., 0., 0.,
        0., 0., 0., 0., 0., 0., 0., 0., 0., 0., 0., 0., 0., 0., 0., 0.,
        0., 0.],
       [0., 1., 0., 0., 0., 0., 0., 0., 0., 0., 0., 0., 0., 0., 0., 0.,
        0., 0., 0., 0., 0., 0., 0., 0., 0., 0., 0., 0., 0., 0., 0., 0.,
        0., 0.]]))
Epoch: 1, train loss: 19.1736, train loss1: 1.5028, train loss2: 771.9007, train loss3: 3.3736, train acc1: 0.5364, train acc2: 0.0780
Epoch: 1, val loss: 779.4840, val loss1: 1.2678, val loss2: 774.8600, val loss3: 3.3563, val acc1: 0.6028, val acc2: 0.0805
Val confusion matrix:
(array([[0.7 , 0.01, 0.  , 0.  , 0.02, 0.01, 0.  , 0.06, 0.  , 0.01, 0.01,
        0.01, 0.  , 0.01, 0.01, 0.  , 0.02, 0.  , 0.  , 0.  , 0.01, 0.01,
        0.02, 0.  , 0.  , 0.01, 0.  , 0.  , 0.  , 0.  , 0.07, 0.  , 0.  ,
        0.  ],
       [0.01, 0.72, 0.01, 0.  , 0.  , 0.02, 0.03, 0.04, 0.08, 0.  , 0.  ,
        0.02, 0.01, 0.  , 0.  , 0.  , 0.  , 0.02, 0.  , 0.  , 0.  , 0.  ,
        0.03, 0.  , 0.  , 0.  , 0.  , 0.  , 0.  , 0.  , 0.  , 0.  , 0.  ,
        0.  ],
       [0.  , 0.11, 0.71, 0.  , 0.  , 0.  , 0.  , 0.  , 0.03, 0.  , 0.  ,
        0.06, 0.03, 0.  , 0.  , 0.  , 0.  , 0.  , 0.  , 0.  , 0.  , 0.  ,
        0.06, 0.  , 0.  , 0.  , 0.  , 0.  , 0.  , 0.  , 0.  , 0.  , 0.  ,
        0.  ],
       [0.01, 0.  , 0.  , 0.64, 0.  , 0.  , 0.  , 0.  , 0.  , 0.  , 0.  ,
        0.01, 0.  , 0.02, 0.08, 0.  , 0.01, 0.  , 0.02, 0.02, 0.09, 0.  ,
        0.  , 0.08, 0.  , 0.  , 0.  , 0.  , 0.  , 0.  , 0.02, 0.  , 0.  ,
        0.  ],
       [0.03, 0.02, 0.  , 0.03, 0.47, 0.04, 0.  , 0.  , 0.  , 0.05, 0.03,
        0.  , 0.02, 0.04, 0.  , 0.  , 0.  , 0.  , 0.02, 0.07, 0.07, 0.  ,
        0.05, 0.01, 0.  , 0.  , 0.  , 0.  , 0.  , 0.  , 0.03, 0.  , 0.  ,
        0.  ],
       [0.01, 0.18, 0.01, 0.  , 0.01, 0.42, 0.23, 0.01, 0.02, 0.01, 0.  ,
        0.01, 0.03, 0.  , 0.  , 0.  , 0.  , 0.  , 0.  , 0.  , 0.  , 0.  ,
        0.04, 0.  , 0.  , 0.  , 0.  , 0.  , 0.  , 0.  , 0.  , 0.01, 0.  ,
        0.  ],
       [0.01, 0.09, 0.  , 0.  , 0.  , 0.13, 0.63, 0.02, 0.07, 0.  , 0.  ,
        0.01, 0.01, 0.  , 0.  , 0.  , 0.  , 0.01, 0.  , 0.  , 0.  , 0.  ,
        0.01, 0.  , 0.  , 0.  , 0.  , 0.  , 0.  , 0.  , 0.  , 0.01, 0.  ,
        0.  ],
       [0.01, 0.02, 0.  , 0.  , 0.  , 0.  , 0.01, 0.74, 0.09, 0.  , 0.  ,
        0.  , 0.  , 0.01, 0.01, 0.  , 0.  , 0.  , 0.  , 0.  , 0.01, 0.  ,
        0.  , 0.  , 0.  , 0.04, 0.  , 0.01, 0.  , 0.01, 0.02, 0.02, 0.  ,
        0.  ],
       [0.  , 0.06, 0.  , 0.  , 0.  , 0.01, 0.02, 0.04, 0.73, 0.  , 0.  ,
        0.04, 0.  , 0.  , 0.  , 0.  , 0.  , 0.08, 0.  , 0.  , 0.  , 0.  ,
        0.  , 0.  , 0.  , 0.  , 0.  , 0.  , 0.  , 0.  , 0.01, 0.  , 0.  ,
        0.  ],
       [0.06, 0.01, 0.  , 0.  , 0.13, 0.05, 0.  , 0.  , 0.  , 0.62, 0.05,
        0.  , 0.01, 0.  , 0.  , 0.  , 0.  , 0.  , 0.01, 0.01, 0.01, 0.  ,
        0.01, 0.01, 0.  , 0.  , 0.  , 0.  , 0.  , 0.  , 0.02, 0.  , 0.  ,
        0.  ],
       [0.02, 0.02, 0.  , 0.  , 0.05, 0.01, 0.  , 0.  , 0.  , 0.1 , 0.67,
        0.  , 0.  , 0.01, 0.02, 0.  , 0.  , 0.  , 0.01, 0.04, 0.02, 0.  ,
        0.01, 0.01, 0.  , 0.  , 0.  , 0.  , 0.  , 0.  , 0.01, 0.  , 0.  ,
        0.  ],
       [0.  , 0.07, 0.  , 0.  , 0.  , 0.  , 0.  , 0.01, 0.12, 0.  , 0.  ,
        0.74, 0.  , 0.  , 0.  , 0.  , 0.  , 0.05, 0.  , 0.  , 0.  , 0.  ,
        0.  , 0.  , 0.  , 0.  , 0.  , 0.  , 0.  , 0.  , 0.  , 0.  , 0.  ,
        0.  ],
       [0.01, 0.17, 0.03, 0.  , 0.  , 0.07, 0.01, 0.  , 0.03, 0.  , 0.  ,
        0.07, 0.2 , 0.  , 0.  , 0.  , 0.  , 0.  , 0.  , 0.  , 0.  , 0.  ,
        0.39, 0.  , 0.  , 0.  , 0.  , 0.  , 0.  , 0.  , 0.  , 0.  , 0.  ,
        0.  ],
       [0.  , 0.  , 0.  , 0.01, 0.01, 0.  , 0.  , 0.01, 0.  , 0.  , 0.02,
        0.  , 0.  , 0.43, 0.09, 0.01, 0.  , 0.  , 0.04, 0.  , 0.1 , 0.  ,
        0.  , 0.  , 0.  , 0.05, 0.  , 0.04, 0.  , 0.  , 0.17, 0.  , 0.  ,
        0.  ],
       [0.  , 0.  , 0.  , 0.02, 0.  , 0.  , 0.  , 0.01, 0.  , 0.  , 0.  ,
        0.  , 0.  , 0.14, 0.46, 0.03, 0.01, 0.  , 0.01, 0.01, 0.11, 0.  ,
        0.  , 0.02, 0.  , 0.03, 0.  , 0.04, 0.  , 0.  , 0.09, 0.  , 0.  ,
        0.  ],
       [0.  , 0.  , 0.  , 0.  , 0.  , 0.  , 0.  , 0.05, 0.  , 0.  , 0.  ,
        0.  , 0.  , 0.21, 0.21, 0.05, 0.01, 0.  , 0.  , 0.  , 0.02, 0.  ,
        0.  , 0.01, 0.  , 0.09, 0.01, 0.1 , 0.  , 0.  , 0.21, 0.  , 0.  ,
        0.  ],
       [0.01, 0.  , 0.  , 0.01, 0.  , 0.  , 0.  , 0.01, 0.  , 0.  , 0.01,
        0.  , 0.  , 0.01, 0.03, 0.  , 0.8 , 0.  , 0.01, 0.01, 0.01, 0.06,
        0.  , 0.  , 0.  , 0.02, 0.  , 0.01, 0.  , 0.  , 0.  , 0.  , 0.  ,
        0.  ],
       [0.  , 0.05, 0.  , 0.  , 0.  , 0.01, 0.03, 0.01, 0.37, 0.  , 0.  ,
        0.04, 0.  , 0.  , 0.  , 0.  , 0.  , 0.49, 0.  , 0.  , 0.  , 0.  ,
        0.  , 0.  , 0.  , 0.  , 0.  , 0.  , 0.  , 0.  , 0.  , 0.  , 0.  ,
        0.  ],
       [0.  , 0.  , 0.  , 0.02, 0.03, 0.  , 0.  , 0.  , 0.  , 0.  , 0.01,
        0.  , 0.  , 0.07, 0.07, 0.  , 0.  , 0.  , 0.67, 0.03, 0.07, 0.  ,
        0.  , 0.01, 0.  , 0.  , 0.  , 0.  , 0.  , 0.  , 0.01, 0.  , 0.  ,
        0.  ],
       [0.01, 0.02, 0.  , 0.05, 0.04, 0.02, 0.  , 0.  , 0.  , 0.01, 0.  ,
        0.01, 0.  , 0.04, 0.04, 0.  , 0.  , 0.  , 0.05, 0.65, 0.02, 0.  ,
        0.  , 0.01, 0.  , 0.  , 0.  , 0.01, 0.  , 0.  , 0.01, 0.  , 0.  ,
        0.  ],
       [0.01, 0.  , 0.  , 0.01, 0.01, 0.  , 0.  , 0.  , 0.  , 0.  , 0.  ,
        0.  , 0.  , 0.03, 0.02, 0.  , 0.  , 0.  , 0.  , 0.  , 0.84, 0.  ,
        0.01, 0.  , 0.  , 0.02, 0.  , 0.  , 0.  , 0.  , 0.03, 0.  , 0.  ,
        0.  ],
       [0.  , 0.  , 0.  , 0.  , 0.  , 0.02, 0.01, 0.01, 0.  , 0.  , 0.  ,
        0.  , 0.  , 0.  , 0.  , 0.  , 0.01, 0.  , 0.  , 0.  , 0.  , 0.87,
        0.  , 0.  , 0.  , 0.  , 0.  , 0.  , 0.  , 0.01, 0.  , 0.06, 0.  ,
        0.  ],
       [0.01, 0.11, 0.02, 0.  , 0.  , 0.02, 0.  , 0.  , 0.01, 0.  , 0.  ,
        0.01, 0.03, 0.  , 0.  , 0.  , 0.  , 0.  , 0.  , 0.  , 0.01, 0.  ,
        0.75, 0.  , 0.  , 0.  , 0.  , 0.  , 0.  , 0.  , 0.  , 0.  , 0.  ,
        0.  ],
       [0.  , 0.02, 0.  , 0.08, 0.01, 0.02, 0.  , 0.  , 0.  , 0.  , 0.05,
        0.  , 0.  , 0.08, 0.18, 0.01, 0.  , 0.  , 0.04, 0.04, 0.03, 0.  ,
        0.  , 0.39, 0.  , 0.  , 0.  , 0.02, 0.  , 0.  , 0.03, 0.  , 0.  ,
        0.  ],
       [0.01, 0.  , 0.  , 0.  , 0.  , 0.  , 0.  , 0.03, 0.  , 0.  , 0.02,
        0.  , 0.  , 0.06, 0.02, 0.  , 0.  , 0.  , 0.  , 0.  , 0.02, 0.  ,
        0.  , 0.  , 0.  , 0.56, 0.01, 0.15, 0.  , 0.  , 0.1 , 0.  , 0.  ,
        0.  ],
       [0.  , 0.  , 0.  , 0.  , 0.  , 0.  , 0.  , 0.02, 0.  , 0.  , 0.  ,
        0.  , 0.  , 0.08, 0.01, 0.  , 0.  , 0.  , 0.  , 0.  , 0.03, 0.  ,
        0.  , 0.  , 0.  , 0.67, 0.01, 0.1 , 0.  , 0.  , 0.07, 0.  , 0.  ,
        0.  ],
       [0.  , 0.  , 0.  , 0.  , 0.  , 0.  , 0.  , 0.01, 0.  , 0.  , 0.  ,
        0.  , 0.  , 0.08, 0.01, 0.01, 0.  , 0.  , 0.  , 0.  , 0.02, 0.  ,
        0.  , 0.01, 0.  , 0.3 , 0.03, 0.36, 0.01, 0.  , 0.15, 0.  , 0.  ,
        0.  ],
       [0.02, 0.  , 0.  , 0.  , 0.01, 0.  , 0.  , 0.01, 0.  , 0.  , 0.  ,
        0.  , 0.  , 0.05, 0.03, 0.  , 0.02, 0.  , 0.  , 0.01, 0.02, 0.  ,
        0.  , 0.  , 0.  , 0.34, 0.01, 0.35, 0.  , 0.  , 0.12, 0.  , 0.  ,
        0.  ],
       [0.  , 0.  , 0.  , 0.  , 0.  , 0.  , 0.  , 0.01, 0.  , 0.  , 0.  ,
        0.  , 0.  , 0.03, 0.05, 0.  , 0.03, 0.  , 0.01, 0.  , 0.01, 0.01,
        0.  , 0.  , 0.  , 0.48, 0.03, 0.19, 0.01, 0.  , 0.13, 0.  , 0.  ,
        0.  ],
       [0.01, 0.03, 0.  , 0.  , 0.  , 0.  , 0.  , 0.28, 0.02, 0.  , 0.  ,
        0.  , 0.  , 0.  , 0.01, 0.01, 0.02, 0.  , 0.  , 0.  , 0.  , 0.07,
        0.  , 0.  , 0.  , 0.  , 0.  , 0.  , 0.  , 0.34, 0.08, 0.1 , 0.  ,
        0.  ],
       [0.02, 0.01, 0.  , 0.  , 0.  , 0.01, 0.  , 0.02, 0.01, 0.  , 0.  ,
        0.  , 0.  , 0.04, 0.01, 0.  , 0.  , 0.  , 0.  , 0.  , 0.01, 0.  ,
        0.  , 0.  , 0.  , 0.02, 0.  , 0.02, 0.  , 0.  , 0.81, 0.  , 0.  ,
        0.  ],
       [0.  , 0.03, 0.  , 0.  , 0.  , 0.06, 0.03, 0.03, 0.  , 0.  , 0.  ,
        0.  , 0.  , 0.  , 0.  , 0.  , 0.  , 0.  , 0.  , 0.  , 0.  , 0.13,
        0.01, 0.  , 0.  , 0.  , 0.  , 0.  , 0.  , 0.  , 0.  , 0.69, 0.  ,
        0.  ],
       [0.02, 0.  , 0.  , 0.01, 0.  , 0.  , 0.  , 0.01, 0.  , 0.  , 0.03,
        0.  , 0.  , 0.05, 0.02, 0.  , 0.  , 0.  , 0.  , 0.  , 0.  , 0.  ,
        0.  , 0.01, 0.  , 0.01, 0.  , 0.  , 0.  , 0.  , 0.84, 0.  , 0.  ,
        0.  ],
       [0.  , 0.  , 0.  , 0.  , 0.  , 0.  , 0.  , 0.  , 0.  , 0.  , 0.  ,
        0.  , 0.  , 0.  , 0.  , 0.  , 0.  , 0.  , 0.  , 0.  , 0.  , 0.28,
        0.  , 0.  , 0.  , 0.  , 0.  , 0.  , 0.  , 0.11, 0.22, 0.39, 0.  ,
        0.  ]]), array([[0., 1., 0., 0., 0., 0., 0., 0., 0., 0., 0., 0., 0., 0., 0., 0.,
        0., 0., 0., 0., 0., 0., 0., 0., 0., 0., 0., 0., 0., 0., 0., 0.,
        0., 0.],
       [0., 1., 0., 0., 0., 0., 0., 0., 0., 0., 0., 0., 0., 0., 0., 0.,
        0., 0., 0., 0., 0., 0., 0., 0., 0., 0., 0., 0., 0., 0., 0., 0.,
        0., 0.],
       [0., 1., 0., 0., 0., 0., 0., 0., 0., 0., 0., 0., 0., 0., 0., 0.,
        0., 0., 0., 0., 0., 0., 0., 0., 0., 0., 0., 0., 0., 0., 0., 0.,
        0., 0.],
       [0., 1., 0., 0., 0., 0., 0., 0., 0., 0., 0., 0., 0., 0., 0., 0.,
        0., 0., 0., 0., 0., 0., 0., 0., 0., 0., 0., 0., 0., 0., 0., 0.,
        0., 0.],
       [0., 1., 0., 0., 0., 0., 0., 0., 0., 0., 0., 0., 0., 0., 0., 0.,
        0., 0., 0., 0., 0., 0., 0., 0., 0., 0., 0., 0., 0., 0., 0., 0.,
        0., 0.],
       [0., 1., 0., 0., 0., 0., 0., 0., 0., 0., 0., 0., 0., 0., 0., 0.,
        0., 0., 0., 0., 0., 0., 0., 0., 0., 0., 0., 0., 0., 0., 0., 0.,
        0., 0.],
       [0., 1., 0., 0., 0., 0., 0., 0., 0., 0., 0., 0., 0., 0., 0., 0.,
        0., 0., 0., 0., 0., 0., 0., 0., 0., 0., 0., 0., 0., 0., 0., 0.,
        0., 0.],
       [0., 1., 0., 0., 0., 0., 0., 0., 0., 0., 0., 0., 0., 0., 0., 0.,
        0., 0., 0., 0., 0., 0., 0., 0., 0., 0., 0., 0., 0., 0., 0., 0.,
        0., 0.],
       [0., 1., 0., 0., 0., 0., 0., 0., 0., 0., 0., 0., 0., 0., 0., 0.,
        0., 0., 0., 0., 0., 0., 0., 0., 0., 0., 0., 0., 0., 0., 0., 0.,
        0., 0.],
       [0., 1., 0., 0., 0., 0., 0., 0., 0., 0., 0., 0., 0., 0., 0., 0.,
        0., 0., 0., 0., 0., 0., 0., 0., 0., 0., 0., 0., 0., 0., 0., 0.,
        0., 0.],
       [0., 1., 0., 0., 0., 0., 0., 0., 0., 0., 0., 0., 0., 0., 0., 0.,
        0., 0., 0., 0., 0., 0., 0., 0., 0., 0., 0., 0., 0., 0., 0., 0.,
        0., 0.],
       [0., 1., 0., 0., 0., 0., 0., 0., 0., 0., 0., 0., 0., 0., 0., 0.,
        0., 0., 0., 0., 0., 0., 0., 0., 0., 0., 0., 0., 0., 0., 0., 0.,
        0., 0.],
       [0., 1., 0., 0., 0., 0., 0., 0., 0., 0., 0., 0., 0., 0., 0., 0.,
        0., 0., 0., 0., 0., 0., 0., 0., 0., 0., 0., 0., 0., 0., 0., 0.,
        0., 0.],
       [0., 1., 0., 0., 0., 0., 0., 0., 0., 0., 0., 0., 0., 0., 0., 0.,
        0., 0., 0., 0., 0., 0., 0., 0., 0., 0., 0., 0., 0., 0., 0., 0.,
        0., 0.],
       [0., 1., 0., 0., 0., 0., 0., 0., 0., 0., 0., 0., 0., 0., 0., 0.,
        0., 0., 0., 0., 0., 0., 0., 0., 0., 0., 0., 0., 0., 0., 0., 0.,
        0., 0.],
       [0., 1., 0., 0., 0., 0., 0., 0., 0., 0., 0., 0., 0., 0., 0., 0.,
        0., 0., 0., 0., 0., 0., 0., 0., 0., 0., 0., 0., 0., 0., 0., 0.,
        0., 0.],
       [0., 1., 0., 0., 0., 0., 0., 0., 0., 0., 0., 0., 0., 0., 0., 0.,
        0., 0., 0., 0., 0., 0., 0., 0., 0., 0., 0., 0., 0., 0., 0., 0.,
        0., 0.],
       [0., 1., 0., 0., 0., 0., 0., 0., 0., 0., 0., 0., 0., 0., 0., 0.,
        0., 0., 0., 0., 0., 0., 0., 0., 0., 0., 0., 0., 0., 0., 0., 0.,
        0., 0.],
       [0., 1., 0., 0., 0., 0., 0., 0., 0., 0., 0., 0., 0., 0., 0., 0.,
        0., 0., 0., 0., 0., 0., 0., 0., 0., 0., 0., 0., 0., 0., 0., 0.,
        0., 0.],
       [0., 1., 0., 0., 0., 0., 0., 0., 0., 0., 0., 0., 0., 0., 0., 0.,
        0., 0., 0., 0., 0., 0., 0., 0., 0., 0., 0., 0., 0., 0., 0., 0.,
        0., 0.],
       [0., 1., 0., 0., 0., 0., 0., 0., 0., 0., 0., 0., 0., 0., 0., 0.,
        0., 0., 0., 0., 0., 0., 0., 0., 0., 0., 0., 0., 0., 0., 0., 0.,
        0., 0.],
       [0., 1., 0., 0., 0., 0., 0., 0., 0., 0., 0., 0., 0., 0., 0., 0.,
        0., 0., 0., 0., 0., 0., 0., 0., 0., 0., 0., 0., 0., 0., 0., 0.,
        0., 0.],
       [0., 1., 0., 0., 0., 0., 0., 0., 0., 0., 0., 0., 0., 0., 0., 0.,
        0., 0., 0., 0., 0., 0., 0., 0., 0., 0., 0., 0., 0., 0., 0., 0.,
        0., 0.],
       [0., 1., 0., 0., 0., 0., 0., 0., 0., 0., 0., 0., 0., 0., 0., 0.,
        0., 0., 0., 0., 0., 0., 0., 0., 0., 0., 0., 0., 0., 0., 0., 0.,
        0., 0.],
       [0., 1., 0., 0., 0., 0., 0., 0., 0., 0., 0., 0., 0., 0., 0., 0.,
        0., 0., 0., 0., 0., 0., 0., 0., 0., 0., 0., 0., 0., 0., 0., 0.,
        0., 0.],
       [0., 1., 0., 0., 0., 0., 0., 0., 0., 0., 0., 0., 0., 0., 0., 0.,
        0., 0., 0., 0., 0., 0., 0., 0., 0., 0., 0., 0., 0., 0., 0., 0.,
        0., 0.],
       [0., 1., 0., 0., 0., 0., 0., 0., 0., 0., 0., 0., 0., 0., 0., 0.,
        0., 0., 0., 0., 0., 0., 0., 0., 0., 0., 0., 0., 0., 0., 0., 0.,
        0., 0.],
       [0., 1., 0., 0., 0., 0., 0., 0., 0., 0., 0., 0., 0., 0., 0., 0.,
        0., 0., 0., 0., 0., 0., 0., 0., 0., 0., 0., 0., 0., 0., 0., 0.,
        0., 0.],
       [0., 1., 0., 0., 0., 0., 0., 0., 0., 0., 0., 0., 0., 0., 0., 0.,
        0., 0., 0., 0., 0., 0., 0., 0., 0., 0., 0., 0., 0., 0., 0., 0.,
        0., 0.],
       [0., 1., 0., 0., 0., 0., 0., 0., 0., 0., 0., 0., 0., 0., 0., 0.,
        0., 0., 0., 0., 0., 0., 0., 0., 0., 0., 0., 0., 0., 0., 0., 0.,
        0., 0.],
       [0., 1., 0., 0., 0., 0., 0., 0., 0., 0., 0., 0., 0., 0., 0., 0.,
        0., 0., 0., 0., 0., 0., 0., 0., 0., 0., 0., 0., 0., 0., 0., 0.,
        0., 0.],
       [0., 1., 0., 0., 0., 0., 0., 0., 0., 0., 0., 0., 0., 0., 0., 0.,
        0., 0., 0., 0., 0., 0., 0., 0., 0., 0., 0., 0., 0., 0., 0., 0.,
        0., 0.],
       [0., 1., 0., 0., 0., 0., 0., 0., 0., 0., 0., 0., 0., 0., 0., 0.,
        0., 0., 0., 0., 0., 0., 0., 0., 0., 0., 0., 0., 0., 0., 0., 0.,
        0., 0.],
       [0., 1., 0., 0., 0., 0., 0., 0., 0., 0., 0., 0., 0., 0., 0., 0.,
        0., 0., 0., 0., 0., 0., 0., 0., 0., 0., 0., 0., 0., 0., 0., 0.,
        0., 0.]]))
Epoch: 2, train loss: 15.9752, train loss1: 1.1840, train loss2: 771.9412, train loss3: 3.3629, train acc1: 0.6316, train acc2: 0.0784
Epoch: 2, val loss: 779.3347, val loss1: 1.0871, val loss2: 774.8987, val loss3: 3.3488, val acc1: 0.6577, val acc2: 0.0805
Val confusion matrix:
(array([[0.71, 0.01, 0.  , 0.  , 0.  , 0.01, 0.01, 0.05, 0.  , 0.01, 0.01,
        0.01, 0.  , 0.01, 0.01, 0.  , 0.02, 0.  , 0.  , 0.01, 0.  , 0.01,
        0.01, 0.  , 0.  , 0.01, 0.  , 0.  , 0.  , 0.01, 0.07, 0.  , 0.  ,
        0.  ],
       [0.  , 0.8 , 0.01, 0.  , 0.  , 0.02, 0.01, 0.03, 0.08, 0.  , 0.  ,
        0.01, 0.01, 0.  , 0.  , 0.  , 0.  , 0.01, 0.  , 0.  , 0.  , 0.  ,
        0.01, 0.  , 0.  , 0.  , 0.  , 0.  , 0.  , 0.01, 0.  , 0.  , 0.  ,
        0.  ],
       [0.  , 0.15, 0.67, 0.  , 0.  , 0.01, 0.  , 0.  , 0.05, 0.  , 0.  ,
        0.06, 0.03, 0.  , 0.  , 0.  , 0.  , 0.  , 0.  , 0.  , 0.  , 0.  ,
        0.03, 0.  , 0.  , 0.  , 0.  , 0.  , 0.  , 0.  , 0.  , 0.  , 0.  ,
        0.  ],
       [0.  , 0.01, 0.  , 0.65, 0.  , 0.  , 0.  , 0.  , 0.01, 0.  , 0.  ,
        0.  , 0.  , 0.01, 0.07, 0.  , 0.01, 0.  , 0.02, 0.02, 0.02, 0.  ,
        0.  , 0.13, 0.  , 0.  , 0.  , 0.01, 0.  , 0.  , 0.01, 0.  , 0.  ,
        0.  ],
       [0.02, 0.02, 0.  , 0.03, 0.4 , 0.04, 0.  , 0.  , 0.  , 0.05, 0.02,
        0.  , 0.03, 0.04, 0.01, 0.  , 0.  , 0.  , 0.05, 0.17, 0.02, 0.  ,
        0.04, 0.01, 0.  , 0.  , 0.  , 0.  , 0.  , 0.  , 0.02, 0.  , 0.  ,
        0.  ],
       [0.  , 0.15, 0.  , 0.  , 0.  , 0.5 , 0.25, 0.01, 0.03, 0.  , 0.  ,
        0.  , 0.01, 0.  , 0.  , 0.  , 0.  , 0.  , 0.  , 0.  , 0.  , 0.  ,
        0.02, 0.  , 0.  , 0.  , 0.  , 0.  , 0.  , 0.  , 0.  , 0.  , 0.  ,
        0.  ],
       [0.  , 0.08, 0.  , 0.  , 0.  , 0.05, 0.74, 0.03, 0.07, 0.  , 0.  ,
        0.01, 0.  , 0.  , 0.  , 0.  , 0.  , 0.01, 0.  , 0.  , 0.  , 0.  ,
        0.  , 0.  , 0.  , 0.  , 0.  , 0.  , 0.  , 0.  , 0.  , 0.  , 0.  ,
        0.  ],
       [0.  , 0.02, 0.  , 0.  , 0.  , 0.  , 0.  , 0.8 , 0.06, 0.  , 0.  ,
        0.01, 0.  , 0.01, 0.01, 0.  , 0.  , 0.  , 0.  , 0.  , 0.  , 0.  ,
        0.  , 0.  , 0.  , 0.04, 0.01, 0.  , 0.  , 0.02, 0.01, 0.  , 0.  ,
        0.  ],
       [0.  , 0.04, 0.  , 0.  , 0.  , 0.  , 0.01, 0.06, 0.82, 0.  , 0.  ,
        0.02, 0.  , 0.  , 0.  , 0.  , 0.  , 0.04, 0.  , 0.  , 0.  , 0.  ,
        0.  , 0.  , 0.  , 0.  , 0.  , 0.  , 0.  , 0.  , 0.01, 0.  , 0.  ,
        0.  ],
       [0.04, 0.01, 0.  , 0.  , 0.05, 0.04, 0.  , 0.  , 0.  , 0.74, 0.04,
        0.  , 0.  , 0.01, 0.01, 0.  , 0.  , 0.  , 0.01, 0.01, 0.  , 0.  ,
        0.  , 0.  , 0.  , 0.  , 0.  , 0.  , 0.  , 0.  , 0.02, 0.  , 0.  ,
        0.  ],
       [0.02, 0.01, 0.  , 0.  , 0.01, 0.01, 0.  , 0.  , 0.  , 0.06, 0.77,
        0.  , 0.  , 0.01, 0.01, 0.  , 0.  , 0.  , 0.01, 0.03, 0.  , 0.  ,
        0.  , 0.02, 0.  , 0.  , 0.  , 0.01, 0.  , 0.01, 0.01, 0.  , 0.  ,
        0.  ],
       [0.  , 0.05, 0.  , 0.  , 0.  , 0.  , 0.  , 0.01, 0.1 , 0.  , 0.  ,
        0.8 , 0.  , 0.  , 0.  , 0.  , 0.  , 0.03, 0.  , 0.  , 0.  , 0.  ,
        0.  , 0.  , 0.  , 0.  , 0.  , 0.  , 0.  , 0.  , 0.  , 0.  , 0.  ,
        0.  ],
       [0.  , 0.18, 0.02, 0.  , 0.  , 0.08, 0.  , 0.01, 0.04, 0.  , 0.  ,
        0.08, 0.34, 0.  , 0.  , 0.  , 0.  , 0.  , 0.  , 0.  , 0.  , 0.  ,
        0.25, 0.  , 0.  , 0.  , 0.  , 0.  , 0.  , 0.  , 0.  , 0.  , 0.  ,
        0.  ],
       [0.  , 0.  , 0.  , 0.  , 0.  , 0.  , 0.  , 0.01, 0.  , 0.  , 0.01,
        0.  , 0.  , 0.48, 0.15, 0.07, 0.  , 0.  , 0.03, 0.01, 0.04, 0.  ,
        0.  , 0.02, 0.  , 0.04, 0.01, 0.01, 0.  , 0.  , 0.11, 0.  , 0.  ,
        0.  ],
       [0.  , 0.  , 0.  , 0.02, 0.  , 0.  , 0.  , 0.01, 0.  , 0.  , 0.  ,
        0.  , 0.  , 0.12, 0.58, 0.04, 0.01, 0.  , 0.01, 0.01, 0.05, 0.  ,
        0.  , 0.03, 0.  , 0.03, 0.  , 0.01, 0.  , 0.01, 0.05, 0.  , 0.  ,
        0.  ],
       [0.  , 0.  , 0.  , 0.  , 0.  , 0.  , 0.  , 0.03, 0.  , 0.  , 0.  ,
        0.  , 0.  , 0.24, 0.28, 0.17, 0.  , 0.  , 0.  , 0.  , 0.01, 0.  ,
        0.  , 0.03, 0.  , 0.06, 0.02, 0.  , 0.  , 0.03, 0.11, 0.  , 0.  ,
        0.  ],
       [0.01, 0.  , 0.  , 0.  , 0.  , 0.  , 0.  , 0.  , 0.  , 0.  , 0.  ,
        0.  , 0.  , 0.  , 0.04, 0.  , 0.84, 0.  , 0.  , 0.01, 0.  , 0.03,
        0.  , 0.  , 0.  , 0.  , 0.  , 0.  , 0.02, 0.03, 0.  , 0.  , 0.  ,
        0.  ],
       [0.  , 0.03, 0.  , 0.  , 0.  , 0.01, 0.01, 0.01, 0.3 , 0.  , 0.  ,
        0.06, 0.  , 0.  , 0.  , 0.  , 0.  , 0.59, 0.  , 0.  , 0.  , 0.  ,
        0.  , 0.  , 0.  , 0.  , 0.  , 0.  , 0.  , 0.  , 0.  , 0.  , 0.  ,
        0.  ],
       [0.  , 0.01, 0.  , 0.01, 0.01, 0.  , 0.  , 0.  , 0.  , 0.  , 0.  ,
        0.  , 0.  , 0.05, 0.09, 0.01, 0.  , 0.  , 0.72, 0.02, 0.02, 0.  ,
        0.  , 0.03, 0.  , 0.  , 0.  , 0.  , 0.  , 0.  , 0.01, 0.  , 0.  ,
        0.  ],
       [0.01, 0.01, 0.  , 0.02, 0.04, 0.01, 0.  , 0.  , 0.  , 0.01, 0.01,
        0.  , 0.  , 0.02, 0.03, 0.01, 0.  , 0.  , 0.04, 0.77, 0.01, 0.  ,
        0.  , 0.01, 0.  , 0.01, 0.  , 0.  , 0.01, 0.  , 0.01, 0.  , 0.  ,
        0.  ],
       [0.01, 0.  , 0.  , 0.01, 0.01, 0.  , 0.  , 0.01, 0.  , 0.  , 0.  ,
        0.  , 0.  , 0.03, 0.03, 0.  , 0.  , 0.  , 0.01, 0.  , 0.82, 0.  ,
        0.  , 0.01, 0.  , 0.03, 0.  , 0.  , 0.  , 0.  , 0.02, 0.  , 0.  ,
        0.  ],
       [0.  , 0.01, 0.  , 0.  , 0.  , 0.01, 0.  , 0.  , 0.  , 0.  , 0.  ,
        0.  , 0.  , 0.  , 0.  , 0.  , 0.01, 0.  , 0.  , 0.  , 0.  , 0.85,
        0.  , 0.  , 0.  , 0.  , 0.  , 0.  , 0.  , 0.02, 0.  , 0.1 , 0.  ,
        0.  ],
       [0.  , 0.12, 0.01, 0.  , 0.  , 0.04, 0.01, 0.01, 0.01, 0.  , 0.  ,
        0.  , 0.03, 0.  , 0.  , 0.  , 0.  , 0.  , 0.  , 0.  , 0.  , 0.  ,
        0.74, 0.  , 0.  , 0.  , 0.  , 0.  , 0.  , 0.  , 0.  , 0.  , 0.  ,
        0.  ],
       [0.  , 0.01, 0.  , 0.04, 0.  , 0.  , 0.  , 0.  , 0.  , 0.  , 0.02,
        0.  , 0.  , 0.02, 0.14, 0.03, 0.  , 0.  , 0.03, 0.02, 0.01, 0.  ,
        0.  , 0.63, 0.  , 0.  , 0.  , 0.01, 0.  , 0.  , 0.02, 0.  , 0.  ,
        0.  ],
       [0.01, 0.  , 0.  , 0.  , 0.  , 0.  , 0.  , 0.03, 0.  , 0.  , 0.03,
        0.  , 0.  , 0.06, 0.02, 0.03, 0.  , 0.  , 0.  , 0.  , 0.01, 0.  ,
        0.  , 0.02, 0.03, 0.47, 0.07, 0.09, 0.05, 0.  , 0.07, 0.  , 0.  ,
        0.  ],
       [0.  , 0.  , 0.  , 0.  , 0.  , 0.  , 0.  , 0.02, 0.  , 0.  , 0.  ,
        0.  , 0.  , 0.08, 0.01, 0.01, 0.  , 0.  , 0.  , 0.  , 0.02, 0.  ,
        0.  , 0.  , 0.01, 0.66, 0.05, 0.07, 0.02, 0.  , 0.05, 0.  , 0.  ,
        0.  ],
       [0.  , 0.  , 0.  , 0.  , 0.  , 0.  , 0.  , 0.01, 0.  , 0.  , 0.  ,
        0.  , 0.  , 0.16, 0.02, 0.06, 0.  , 0.  , 0.  , 0.  , 0.01, 0.  ,
        0.  , 0.01, 0.01, 0.12, 0.26, 0.23, 0.05, 0.  , 0.08, 0.  , 0.  ,
        0.  ],
       [0.01, 0.  , 0.  , 0.  , 0.  , 0.  , 0.  , 0.01, 0.  , 0.01, 0.01,
        0.  , 0.  , 0.05, 0.02, 0.01, 0.01, 0.  , 0.  , 0.01, 0.01, 0.  ,
        0.  , 0.01, 0.01, 0.19, 0.16, 0.33, 0.05, 0.01, 0.1 , 0.  , 0.  ,
        0.  ],
       [0.  , 0.  , 0.  , 0.  , 0.  , 0.  , 0.  , 0.  , 0.  , 0.  , 0.  ,
        0.  , 0.  , 0.04, 0.02, 0.03, 0.05, 0.  , 0.01, 0.01, 0.  , 0.  ,
        0.  , 0.02, 0.  , 0.18, 0.11, 0.14, 0.28, 0.01, 0.11, 0.  , 0.  ,
        0.  ],
       [0.  , 0.01, 0.  , 0.  , 0.  , 0.  , 0.02, 0.18, 0.03, 0.  , 0.  ,
        0.  , 0.  , 0.  , 0.  , 0.  , 0.01, 0.  , 0.  , 0.  , 0.  , 0.04,
        0.  , 0.  , 0.  , 0.  , 0.  , 0.  , 0.  , 0.64, 0.01, 0.04, 0.  ,
        0.  ],
       [0.01, 0.  , 0.  , 0.  , 0.  , 0.  , 0.01, 0.01, 0.01, 0.  , 0.  ,
        0.  , 0.  , 0.06, 0.02, 0.02, 0.  , 0.  , 0.  , 0.  , 0.  , 0.  ,
        0.  , 0.  , 0.  , 0.01, 0.02, 0.01, 0.  , 0.03, 0.77, 0.  , 0.  ,
        0.  ],
       [0.  , 0.04, 0.  , 0.  , 0.  , 0.01, 0.07, 0.01, 0.  , 0.  , 0.  ,
        0.  , 0.  , 0.  , 0.  , 0.  , 0.  , 0.  , 0.  , 0.  , 0.  , 0.04,
        0.01, 0.  , 0.  , 0.  , 0.  , 0.  , 0.  , 0.02, 0.  , 0.78, 0.  ,
        0.  ],
       [0.03, 0.  , 0.  , 0.01, 0.  , 0.  , 0.  , 0.  , 0.  , 0.  , 0.02,
        0.  , 0.  , 0.06, 0.02, 0.03, 0.  , 0.  , 0.  , 0.  , 0.  , 0.  ,
        0.  , 0.05, 0.  , 0.01, 0.  , 0.  , 0.  , 0.  , 0.77, 0.  , 0.  ,
        0.  ],
       [0.  , 0.  , 0.  , 0.  , 0.  , 0.  , 0.  , 0.  , 0.  , 0.  , 0.  ,
        0.  , 0.  , 0.  , 0.  , 0.  , 0.  , 0.  , 0.  , 0.  , 0.  , 0.19,
        0.  , 0.  , 0.  , 0.  , 0.03, 0.  , 0.  , 0.11, 0.19, 0.47, 0.  ,
        0.  ]]), array([[0., 1., 0., 0., 0., 0., 0., 0., 0., 0., 0., 0., 0., 0., 0., 0.,
        0., 0., 0., 0., 0., 0., 0., 0., 0., 0., 0., 0., 0., 0., 0., 0.,
        0., 0.],
       [0., 1., 0., 0., 0., 0., 0., 0., 0., 0., 0., 0., 0., 0., 0., 0.,
        0., 0., 0., 0., 0., 0., 0., 0., 0., 0., 0., 0., 0., 0., 0., 0.,
        0., 0.],
       [0., 1., 0., 0., 0., 0., 0., 0., 0., 0., 0., 0., 0., 0., 0., 0.,
        0., 0., 0., 0., 0., 0., 0., 0., 0., 0., 0., 0., 0., 0., 0., 0.,
        0., 0.],
       [0., 1., 0., 0., 0., 0., 0., 0., 0., 0., 0., 0., 0., 0., 0., 0.,
        0., 0., 0., 0., 0., 0., 0., 0., 0., 0., 0., 0., 0., 0., 0., 0.,
        0., 0.],
       [0., 1., 0., 0., 0., 0., 0., 0., 0., 0., 0., 0., 0., 0., 0., 0.,
        0., 0., 0., 0., 0., 0., 0., 0., 0., 0., 0., 0., 0., 0., 0., 0.,
        0., 0.],
       [0., 1., 0., 0., 0., 0., 0., 0., 0., 0., 0., 0., 0., 0., 0., 0.,
        0., 0., 0., 0., 0., 0., 0., 0., 0., 0., 0., 0., 0., 0., 0., 0.,
        0., 0.],
       [0., 1., 0., 0., 0., 0., 0., 0., 0., 0., 0., 0., 0., 0., 0., 0.,
        0., 0., 0., 0., 0., 0., 0., 0., 0., 0., 0., 0., 0., 0., 0., 0.,
        0., 0.],
       [0., 1., 0., 0., 0., 0., 0., 0., 0., 0., 0., 0., 0., 0., 0., 0.,
        0., 0., 0., 0., 0., 0., 0., 0., 0., 0., 0., 0., 0., 0., 0., 0.,
        0., 0.],
       [0., 1., 0., 0., 0., 0., 0., 0., 0., 0., 0., 0., 0., 0., 0., 0.,
        0., 0., 0., 0., 0., 0., 0., 0., 0., 0., 0., 0., 0., 0., 0., 0.,
        0., 0.],
       [0., 1., 0., 0., 0., 0., 0., 0., 0., 0., 0., 0., 0., 0., 0., 0.,
        0., 0., 0., 0., 0., 0., 0., 0., 0., 0., 0., 0., 0., 0., 0., 0.,
        0., 0.],
       [0., 1., 0., 0., 0., 0., 0., 0., 0., 0., 0., 0., 0., 0., 0., 0.,
        0., 0., 0., 0., 0., 0., 0., 0., 0., 0., 0., 0., 0., 0., 0., 0.,
        0., 0.],
       [0., 1., 0., 0., 0., 0., 0., 0., 0., 0., 0., 0., 0., 0., 0., 0.,
        0., 0., 0., 0., 0., 0., 0., 0., 0., 0., 0., 0., 0., 0., 0., 0.,
        0., 0.],
       [0., 1., 0., 0., 0., 0., 0., 0., 0., 0., 0., 0., 0., 0., 0., 0.,
        0., 0., 0., 0., 0., 0., 0., 0., 0., 0., 0., 0., 0., 0., 0., 0.,
        0., 0.],
       [0., 1., 0., 0., 0., 0., 0., 0., 0., 0., 0., 0., 0., 0., 0., 0.,
        0., 0., 0., 0., 0., 0., 0., 0., 0., 0., 0., 0., 0., 0., 0., 0.,
        0., 0.],
       [0., 1., 0., 0., 0., 0., 0., 0., 0., 0., 0., 0., 0., 0., 0., 0.,
        0., 0., 0., 0., 0., 0., 0., 0., 0., 0., 0., 0., 0., 0., 0., 0.,
        0., 0.],
       [0., 1., 0., 0., 0., 0., 0., 0., 0., 0., 0., 0., 0., 0., 0., 0.,
        0., 0., 0., 0., 0., 0., 0., 0., 0., 0., 0., 0., 0., 0., 0., 0.,
        0., 0.],
       [0., 1., 0., 0., 0., 0., 0., 0., 0., 0., 0., 0., 0., 0., 0., 0.,
        0., 0., 0., 0., 0., 0., 0., 0., 0., 0., 0., 0., 0., 0., 0., 0.,
        0., 0.],
       [0., 1., 0., 0., 0., 0., 0., 0., 0., 0., 0., 0., 0., 0., 0., 0.,
        0., 0., 0., 0., 0., 0., 0., 0., 0., 0., 0., 0., 0., 0., 0., 0.,
        0., 0.],
       [0., 1., 0., 0., 0., 0., 0., 0., 0., 0., 0., 0., 0., 0., 0., 0.,
        0., 0., 0., 0., 0., 0., 0., 0., 0., 0., 0., 0., 0., 0., 0., 0.,
        0., 0.],
       [0., 1., 0., 0., 0., 0., 0., 0., 0., 0., 0., 0., 0., 0., 0., 0.,
        0., 0., 0., 0., 0., 0., 0., 0., 0., 0., 0., 0., 0., 0., 0., 0.,
        0., 0.],
       [0., 1., 0., 0., 0., 0., 0., 0., 0., 0., 0., 0., 0., 0., 0., 0.,
        0., 0., 0., 0., 0., 0., 0., 0., 0., 0., 0., 0., 0., 0., 0., 0.,
        0., 0.],
       [0., 1., 0., 0., 0., 0., 0., 0., 0., 0., 0., 0., 0., 0., 0., 0.,
        0., 0., 0., 0., 0., 0., 0., 0., 0., 0., 0., 0., 0., 0., 0., 0.,
        0., 0.],
       [0., 1., 0., 0., 0., 0., 0., 0., 0., 0., 0., 0., 0., 0., 0., 0.,
        0., 0., 0., 0., 0., 0., 0., 0., 0., 0., 0., 0., 0., 0., 0., 0.,
        0., 0.],
       [0., 1., 0., 0., 0., 0., 0., 0., 0., 0., 0., 0., 0., 0., 0., 0.,
        0., 0., 0., 0., 0., 0., 0., 0., 0., 0., 0., 0., 0., 0., 0., 0.,
        0., 0.],
       [0., 1., 0., 0., 0., 0., 0., 0., 0., 0., 0., 0., 0., 0., 0., 0.,
        0., 0., 0., 0., 0., 0., 0., 0., 0., 0., 0., 0., 0., 0., 0., 0.,
        0., 0.],
       [0., 1., 0., 0., 0., 0., 0., 0., 0., 0., 0., 0., 0., 0., 0., 0.,
        0., 0., 0., 0., 0., 0., 0., 0., 0., 0., 0., 0., 0., 0., 0., 0.,
        0., 0.],
       [0., 1., 0., 0., 0., 0., 0., 0., 0., 0., 0., 0., 0., 0., 0., 0.,
        0., 0., 0., 0., 0., 0., 0., 0., 0., 0., 0., 0., 0., 0., 0., 0.,
        0., 0.],
       [0., 1., 0., 0., 0., 0., 0., 0., 0., 0., 0., 0., 0., 0., 0., 0.,
        0., 0., 0., 0., 0., 0., 0., 0., 0., 0., 0., 0., 0., 0., 0., 0.,
        0., 0.],
       [0., 1., 0., 0., 0., 0., 0., 0., 0., 0., 0., 0., 0., 0., 0., 0.,
        0., 0., 0., 0., 0., 0., 0., 0., 0., 0., 0., 0., 0., 0., 0., 0.,
        0., 0.],
       [0., 1., 0., 0., 0., 0., 0., 0., 0., 0., 0., 0., 0., 0., 0., 0.,
        0., 0., 0., 0., 0., 0., 0., 0., 0., 0., 0., 0., 0., 0., 0., 0.,
        0., 0.],
       [0., 1., 0., 0., 0., 0., 0., 0., 0., 0., 0., 0., 0., 0., 0., 0.,
        0., 0., 0., 0., 0., 0., 0., 0., 0., 0., 0., 0., 0., 0., 0., 0.,
        0., 0.],
       [0., 1., 0., 0., 0., 0., 0., 0., 0., 0., 0., 0., 0., 0., 0., 0.,
        0., 0., 0., 0., 0., 0., 0., 0., 0., 0., 0., 0., 0., 0., 0., 0.,
        0., 0.],
       [0., 1., 0., 0., 0., 0., 0., 0., 0., 0., 0., 0., 0., 0., 0., 0.,
        0., 0., 0., 0., 0., 0., 0., 0., 0., 0., 0., 0., 0., 0., 0., 0.,
        0., 0.],
       [0., 1., 0., 0., 0., 0., 0., 0., 0., 0., 0., 0., 0., 0., 0., 0.,
        0., 0., 0., 0., 0., 0., 0., 0., 0., 0., 0., 0., 0., 0., 0., 0.,
        0., 0.]]))
Epoch: 3, train loss: 14.4037, train loss1: 1.0274, train loss2: 771.9368, train loss3: 3.3578, train acc1: 0.6810, train acc2: 0.0772
Epoch: 3, val loss: 779.1415, val loss1: 0.9425, val loss2: 774.8531, val loss3: 3.3459, val acc1: 0.7052, val acc2: 0.0805
Val confusion matrix:
(array([[0.78, 0.  , 0.  , 0.  , 0.  , 0.  , 0.  , 0.06, 0.  , 0.  , 0.  ,
        0.  , 0.  , 0.  , 0.  , 0.  , 0.02, 0.  , 0.  , 0.01, 0.  , 0.  ,
        0.  , 0.  , 0.  , 0.01, 0.  , 0.01, 0.  , 0.01, 0.07, 0.  , 0.  ,
        0.  ],
       [0.  , 0.8 , 0.01, 0.  , 0.  , 0.02, 0.01, 0.05, 0.05, 0.  , 0.  ,
        0.03, 0.01, 0.  , 0.  , 0.  , 0.  , 0.  , 0.  , 0.  , 0.  , 0.  ,
        0.02, 0.  , 0.  , 0.  , 0.  , 0.  , 0.  , 0.  , 0.  , 0.  , 0.  ,
        0.  ],
       [0.01, 0.07, 0.78, 0.  , 0.01, 0.01, 0.  , 0.  , 0.02, 0.  , 0.  ,
        0.04, 0.05, 0.  , 0.  , 0.  , 0.  , 0.  , 0.  , 0.  , 0.  , 0.  ,
        0.02, 0.  , 0.  , 0.  , 0.  , 0.  , 0.  , 0.  , 0.  , 0.  , 0.  ,
        0.  ],
       [0.  , 0.  , 0.  , 0.75, 0.01, 0.  , 0.  , 0.  , 0.  , 0.  , 0.  ,
        0.  , 0.  , 0.02, 0.04, 0.  , 0.  , 0.  , 0.02, 0.02, 0.04, 0.  ,
        0.  , 0.07, 0.  , 0.01, 0.  , 0.  , 0.  , 0.  , 0.01, 0.  , 0.  ,
        0.  ],
       [0.03, 0.  , 0.  , 0.03, 0.5 , 0.02, 0.  , 0.  , 0.  , 0.01, 0.01,
        0.  , 0.02, 0.04, 0.  , 0.  , 0.  , 0.  , 0.04, 0.19, 0.05, 0.  ,
        0.01, 0.  , 0.  , 0.01, 0.01, 0.  , 0.  , 0.  , 0.01, 0.  , 0.  ,
        0.  ],
       [0.01, 0.11, 0.  , 0.  , 0.  , 0.63, 0.12, 0.02, 0.02, 0.  , 0.  ,
        0.01, 0.02, 0.  , 0.  , 0.  , 0.  , 0.  , 0.  , 0.  , 0.  , 0.  ,
        0.02, 0.  , 0.  , 0.  , 0.  , 0.  , 0.  , 0.  , 0.  , 0.  , 0.  ,
        0.  ],
       [0.01, 0.08, 0.  , 0.  , 0.  , 0.13, 0.62, 0.04, 0.07, 0.  , 0.  ,
        0.01, 0.01, 0.  , 0.  , 0.  , 0.  , 0.01, 0.  , 0.  , 0.  , 0.  ,
        0.  , 0.  , 0.  , 0.  , 0.  , 0.  , 0.  , 0.  , 0.  , 0.  , 0.  ,
        0.  ],
       [0.  , 0.02, 0.  , 0.  , 0.  , 0.  , 0.  , 0.87, 0.04, 0.  , 0.  ,
        0.01, 0.  , 0.01, 0.  , 0.  , 0.  , 0.  , 0.  , 0.  , 0.01, 0.  ,
        0.  , 0.  , 0.  , 0.03, 0.  , 0.  , 0.  , 0.  , 0.01, 0.  , 0.  ,
        0.  ],
       [0.  , 0.03, 0.  , 0.  , 0.  , 0.01, 0.  , 0.07, 0.81, 0.  , 0.  ,
        0.04, 0.  , 0.  , 0.  , 0.  , 0.  , 0.02, 0.  , 0.  , 0.  , 0.  ,
        0.  , 0.  , 0.  , 0.  , 0.  , 0.  , 0.  , 0.  , 0.01, 0.  , 0.  ,
        0.  ],
       [0.06, 0.  , 0.  , 0.  , 0.02, 0.02, 0.  , 0.  , 0.  , 0.8 , 0.02,
        0.  , 0.  , 0.01, 0.  , 0.  , 0.  , 0.  , 0.01, 0.02, 0.  , 0.  ,
        0.  , 0.  , 0.  , 0.  , 0.  , 0.03, 0.  , 0.  , 0.01, 0.  , 0.  ,
        0.  ],
       [0.03, 0.02, 0.  , 0.  , 0.02, 0.  , 0.  , 0.  , 0.  , 0.05, 0.75,
        0.  , 0.  , 0.02, 0.01, 0.  , 0.  , 0.  , 0.01, 0.03, 0.01, 0.  ,
        0.01, 0.03, 0.01, 0.  , 0.  , 0.01, 0.  , 0.  , 0.02, 0.  , 0.  ,
        0.  ],
       [0.01, 0.02, 0.  , 0.  , 0.  , 0.  , 0.  , 0.02, 0.04, 0.  , 0.  ,
        0.89, 0.01, 0.  , 0.  , 0.  , 0.  , 0.01, 0.  , 0.  , 0.  , 0.  ,
        0.  , 0.  , 0.  , 0.  , 0.  , 0.  , 0.  , 0.  , 0.  , 0.  , 0.  ,
        0.  ],
       [0.02, 0.06, 0.04, 0.  , 0.01, 0.04, 0.  , 0.01, 0.03, 0.  , 0.  ,
        0.07, 0.53, 0.  , 0.  , 0.  , 0.  , 0.  , 0.  , 0.  , 0.  , 0.  ,
        0.19, 0.  , 0.  , 0.  , 0.  , 0.  , 0.  , 0.  , 0.  , 0.  , 0.  ,
        0.  ],
       [0.  , 0.  , 0.  , 0.  , 0.01, 0.  , 0.  , 0.01, 0.  , 0.  , 0.  ,
        0.  , 0.  , 0.73, 0.02, 0.01, 0.  , 0.  , 0.02, 0.01, 0.06, 0.  ,
        0.  , 0.01, 0.  , 0.03, 0.01, 0.  , 0.  , 0.  , 0.08, 0.  , 0.  ,
        0.  ],
       [0.  , 0.  , 0.  , 0.02, 0.  , 0.  , 0.  , 0.02, 0.  , 0.  , 0.  ,
        0.  , 0.  , 0.2 , 0.47, 0.03, 0.  , 0.  , 0.02, 0.  , 0.1 , 0.  ,
        0.  , 0.05, 0.  , 0.03, 0.01, 0.01, 0.  , 0.  , 0.04, 0.  , 0.  ,
        0.  ],
       [0.  , 0.  , 0.  , 0.  , 0.  , 0.  , 0.  , 0.03, 0.  , 0.  , 0.  ,
        0.  , 0.  , 0.44, 0.1 , 0.22, 0.  , 0.  , 0.  , 0.01, 0.03, 0.  ,
        0.  , 0.03, 0.  , 0.03, 0.02, 0.  , 0.  , 0.  , 0.08, 0.  , 0.  ,
        0.  ],
       [0.01, 0.  , 0.  , 0.  , 0.  , 0.  , 0.  , 0.  , 0.  , 0.  , 0.  ,
        0.  , 0.  , 0.  , 0.01, 0.  , 0.87, 0.  , 0.  , 0.  , 0.01, 0.02,
        0.  , 0.01, 0.  , 0.01, 0.  , 0.02, 0.01, 0.01, 0.  , 0.  , 0.  ,
        0.  ],
       [0.  , 0.02, 0.  , 0.  , 0.  , 0.  , 0.  , 0.01, 0.25, 0.  , 0.  ,
        0.11, 0.  , 0.  , 0.  , 0.  , 0.  , 0.6 , 0.  , 0.  , 0.  , 0.  ,
        0.  , 0.  , 0.  , 0.  , 0.  , 0.  , 0.  , 0.  , 0.  , 0.  , 0.  ,
        0.  ],
       [0.  , 0.  , 0.  , 0.01, 0.  , 0.  , 0.  , 0.  , 0.  , 0.  , 0.  ,
        0.  , 0.  , 0.09, 0.04, 0.  , 0.  , 0.  , 0.75, 0.01, 0.04, 0.  ,
        0.  , 0.03, 0.  , 0.  , 0.  , 0.  , 0.  , 0.  , 0.  , 0.  , 0.  ,
        0.  ],
       [0.01, 0.  , 0.  , 0.  , 0.  , 0.  , 0.  , 0.  , 0.  , 0.01, 0.  ,
        0.  , 0.  , 0.02, 0.  , 0.  , 0.  , 0.  , 0.01, 0.88, 0.01, 0.  ,
        0.  , 0.02, 0.  , 0.01, 0.  , 0.01, 0.  , 0.  , 0.  , 0.  , 0.  ,
        0.  ],
       [0.01, 0.  , 0.  , 0.02, 0.  , 0.  , 0.  , 0.01, 0.  , 0.  , 0.  ,
        0.  , 0.  , 0.03, 0.01, 0.  , 0.  , 0.  , 0.  , 0.01, 0.88, 0.  ,
        0.  , 0.  , 0.  , 0.02, 0.  , 0.  , 0.  , 0.  , 0.02, 0.  , 0.  ,
        0.  ],
       [0.01, 0.02, 0.  , 0.  , 0.  , 0.  , 0.  , 0.01, 0.  , 0.  , 0.  ,
        0.  , 0.  , 0.  , 0.  , 0.  , 0.  , 0.  , 0.  , 0.  , 0.  , 0.91,
        0.  , 0.  , 0.  , 0.  , 0.  , 0.  , 0.  , 0.03, 0.  , 0.03, 0.  ,
        0.  ],
       [0.02, 0.07, 0.01, 0.  , 0.01, 0.03, 0.  , 0.01, 0.01, 0.  , 0.  ,
        0.  , 0.07, 0.  , 0.  , 0.  , 0.  , 0.  , 0.  , 0.  , 0.  , 0.  ,
        0.77, 0.  , 0.  , 0.  , 0.  , 0.  , 0.  , 0.  , 0.  , 0.  , 0.  ,
        0.  ],
       [0.  , 0.03, 0.  , 0.02, 0.  , 0.  , 0.  , 0.  , 0.  , 0.  , 0.02,
        0.  , 0.  , 0.04, 0.03, 0.02, 0.  , 0.  , 0.01, 0.01, 0.02, 0.  ,
        0.  , 0.75, 0.  , 0.01, 0.01, 0.01, 0.  , 0.  , 0.01, 0.  , 0.  ,
        0.  ],
       [0.02, 0.  , 0.  , 0.  , 0.  , 0.  , 0.  , 0.04, 0.  , 0.  , 0.02,
        0.  , 0.  , 0.09, 0.  , 0.01, 0.  , 0.  , 0.  , 0.01, 0.02, 0.  ,
        0.  , 0.02, 0.05, 0.49, 0.07, 0.09, 0.02, 0.  , 0.06, 0.  , 0.  ,
        0.  ],
       [0.  , 0.  , 0.  , 0.  , 0.  , 0.  , 0.  , 0.03, 0.  , 0.  , 0.  ,
        0.  , 0.  , 0.1 , 0.  , 0.  , 0.  , 0.  , 0.  , 0.  , 0.02, 0.  ,
        0.  , 0.  , 0.01, 0.7 , 0.03, 0.04, 0.01, 0.  , 0.04, 0.  , 0.  ,
        0.  ],
       [0.  , 0.  , 0.  , 0.01, 0.  , 0.  , 0.  , 0.02, 0.  , 0.  , 0.  ,
        0.  , 0.  , 0.17, 0.  , 0.01, 0.  , 0.  , 0.  , 0.  , 0.01, 0.  ,
        0.  , 0.  , 0.  , 0.1 , 0.41, 0.21, 0.  , 0.  , 0.05, 0.  , 0.  ,
        0.  ],
       [0.01, 0.  , 0.  , 0.  , 0.  , 0.  , 0.  , 0.03, 0.  , 0.01, 0.  ,
        0.  , 0.  , 0.05, 0.01, 0.  , 0.01, 0.  , 0.  , 0.01, 0.  , 0.  ,
        0.  , 0.  , 0.01, 0.19, 0.13, 0.43, 0.01, 0.  , 0.1 , 0.  , 0.  ,
        0.  ],
       [0.  , 0.  , 0.  , 0.  , 0.  , 0.  , 0.  , 0.02, 0.  , 0.  , 0.  ,
        0.  , 0.  , 0.04, 0.02, 0.  , 0.03, 0.  , 0.  , 0.01, 0.01, 0.  ,
        0.  , 0.03, 0.02, 0.17, 0.13, 0.22, 0.19, 0.  , 0.12, 0.  , 0.  ,
        0.  ],
       [0.  , 0.03, 0.  , 0.  , 0.  , 0.  , 0.  , 0.31, 0.  , 0.  , 0.  ,
        0.  , 0.  , 0.  , 0.  , 0.01, 0.  , 0.  , 0.  , 0.  , 0.  , 0.04,
        0.  , 0.  , 0.  , 0.  , 0.  , 0.  , 0.  , 0.51, 0.05, 0.02, 0.  ,
        0.  ],
       [0.02, 0.  , 0.  , 0.  , 0.  , 0.  , 0.  , 0.02, 0.01, 0.  , 0.  ,
        0.  , 0.  , 0.07, 0.  , 0.  , 0.  , 0.  , 0.  , 0.  , 0.  , 0.  ,
        0.  , 0.  , 0.  , 0.02, 0.02, 0.01, 0.  , 0.  , 0.8 , 0.  , 0.  ,
        0.  ],
       [0.  , 0.04, 0.  , 0.  , 0.  , 0.02, 0.02, 0.03, 0.  , 0.  , 0.  ,
        0.  , 0.  , 0.  , 0.  , 0.  , 0.  , 0.  , 0.  , 0.  , 0.  , 0.04,
        0.01, 0.  , 0.  , 0.  , 0.  , 0.  , 0.  , 0.  , 0.02, 0.8 , 0.  ,
        0.  ],
       [0.03, 0.  , 0.  , 0.01, 0.  , 0.  , 0.  , 0.01, 0.  , 0.  , 0.03,
        0.  , 0.  , 0.14, 0.01, 0.  , 0.  , 0.  , 0.  , 0.  , 0.  , 0.  ,
        0.  , 0.03, 0.  , 0.  , 0.  , 0.01, 0.  , 0.  , 0.72, 0.  , 0.  ,
        0.  ],
       [0.  , 0.  , 0.  , 0.  , 0.  , 0.  , 0.  , 0.  , 0.  , 0.  , 0.  ,
        0.  , 0.  , 0.  , 0.  , 0.  , 0.  , 0.  , 0.  , 0.  , 0.  , 0.25,
        0.  , 0.  , 0.  , 0.  , 0.03, 0.  , 0.  , 0.11, 0.19, 0.42, 0.  ,
        0.  ]]), array([[0., 1., 0., 0., 0., 0., 0., 0., 0., 0., 0., 0., 0., 0., 0., 0.,
        0., 0., 0., 0., 0., 0., 0., 0., 0., 0., 0., 0., 0., 0., 0., 0.,
        0., 0.],
       [0., 1., 0., 0., 0., 0., 0., 0., 0., 0., 0., 0., 0., 0., 0., 0.,
        0., 0., 0., 0., 0., 0., 0., 0., 0., 0., 0., 0., 0., 0., 0., 0.,
        0., 0.],
       [0., 1., 0., 0., 0., 0., 0., 0., 0., 0., 0., 0., 0., 0., 0., 0.,
        0., 0., 0., 0., 0., 0., 0., 0., 0., 0., 0., 0., 0., 0., 0., 0.,
        0., 0.],
       [0., 1., 0., 0., 0., 0., 0., 0., 0., 0., 0., 0., 0., 0., 0., 0.,
        0., 0., 0., 0., 0., 0., 0., 0., 0., 0., 0., 0., 0., 0., 0., 0.,
        0., 0.],
       [0., 1., 0., 0., 0., 0., 0., 0., 0., 0., 0., 0., 0., 0., 0., 0.,
        0., 0., 0., 0., 0., 0., 0., 0., 0., 0., 0., 0., 0., 0., 0., 0.,
        0., 0.],
       [0., 1., 0., 0., 0., 0., 0., 0., 0., 0., 0., 0., 0., 0., 0., 0.,
        0., 0., 0., 0., 0., 0., 0., 0., 0., 0., 0., 0., 0., 0., 0., 0.,
        0., 0.],
       [0., 1., 0., 0., 0., 0., 0., 0., 0., 0., 0., 0., 0., 0., 0., 0.,
        0., 0., 0., 0., 0., 0., 0., 0., 0., 0., 0., 0., 0., 0., 0., 0.,
        0., 0.],
       [0., 1., 0., 0., 0., 0., 0., 0., 0., 0., 0., 0., 0., 0., 0., 0.,
        0., 0., 0., 0., 0., 0., 0., 0., 0., 0., 0., 0., 0., 0., 0., 0.,
        0., 0.],
       [0., 1., 0., 0., 0., 0., 0., 0., 0., 0., 0., 0., 0., 0., 0., 0.,
        0., 0., 0., 0., 0., 0., 0., 0., 0., 0., 0., 0., 0., 0., 0., 0.,
        0., 0.],
       [0., 1., 0., 0., 0., 0., 0., 0., 0., 0., 0., 0., 0., 0., 0., 0.,
        0., 0., 0., 0., 0., 0., 0., 0., 0., 0., 0., 0., 0., 0., 0., 0.,
        0., 0.],
       [0., 1., 0., 0., 0., 0., 0., 0., 0., 0., 0., 0., 0., 0., 0., 0.,
        0., 0., 0., 0., 0., 0., 0., 0., 0., 0., 0., 0., 0., 0., 0., 0.,
        0., 0.],
       [0., 1., 0., 0., 0., 0., 0., 0., 0., 0., 0., 0., 0., 0., 0., 0.,
        0., 0., 0., 0., 0., 0., 0., 0., 0., 0., 0., 0., 0., 0., 0., 0.,
        0., 0.],
       [0., 1., 0., 0., 0., 0., 0., 0., 0., 0., 0., 0., 0., 0., 0., 0.,
        0., 0., 0., 0., 0., 0., 0., 0., 0., 0., 0., 0., 0., 0., 0., 0.,
        0., 0.],
       [0., 1., 0., 0., 0., 0., 0., 0., 0., 0., 0., 0., 0., 0., 0., 0.,
        0., 0., 0., 0., 0., 0., 0., 0., 0., 0., 0., 0., 0., 0., 0., 0.,
        0., 0.],
       [0., 1., 0., 0., 0., 0., 0., 0., 0., 0., 0., 0., 0., 0., 0., 0.,
        0., 0., 0., 0., 0., 0., 0., 0., 0., 0., 0., 0., 0., 0., 0., 0.,
        0., 0.],
       [0., 1., 0., 0., 0., 0., 0., 0., 0., 0., 0., 0., 0., 0., 0., 0.,
        0., 0., 0., 0., 0., 0., 0., 0., 0., 0., 0., 0., 0., 0., 0., 0.,
        0., 0.],
       [0., 1., 0., 0., 0., 0., 0., 0., 0., 0., 0., 0., 0., 0., 0., 0.,
        0., 0., 0., 0., 0., 0., 0., 0., 0., 0., 0., 0., 0., 0., 0., 0.,
        0., 0.],
       [0., 1., 0., 0., 0., 0., 0., 0., 0., 0., 0., 0., 0., 0., 0., 0.,
        0., 0., 0., 0., 0., 0., 0., 0., 0., 0., 0., 0., 0., 0., 0., 0.,
        0., 0.],
       [0., 1., 0., 0., 0., 0., 0., 0., 0., 0., 0., 0., 0., 0., 0., 0.,
        0., 0., 0., 0., 0., 0., 0., 0., 0., 0., 0., 0., 0., 0., 0., 0.,
        0., 0.],
       [0., 1., 0., 0., 0., 0., 0., 0., 0., 0., 0., 0., 0., 0., 0., 0.,
        0., 0., 0., 0., 0., 0., 0., 0., 0., 0., 0., 0., 0., 0., 0., 0.,
        0., 0.],
       [0., 1., 0., 0., 0., 0., 0., 0., 0., 0., 0., 0., 0., 0., 0., 0.,
        0., 0., 0., 0., 0., 0., 0., 0., 0., 0., 0., 0., 0., 0., 0., 0.,
        0., 0.],
       [0., 1., 0., 0., 0., 0., 0., 0., 0., 0., 0., 0., 0., 0., 0., 0.,
        0., 0., 0., 0., 0., 0., 0., 0., 0., 0., 0., 0., 0., 0., 0., 0.,
        0., 0.],
       [0., 1., 0., 0., 0., 0., 0., 0., 0., 0., 0., 0., 0., 0., 0., 0.,
        0., 0., 0., 0., 0., 0., 0., 0., 0., 0., 0., 0., 0., 0., 0., 0.,
        0., 0.],
       [0., 1., 0., 0., 0., 0., 0., 0., 0., 0., 0., 0., 0., 0., 0., 0.,
        0., 0., 0., 0., 0., 0., 0., 0., 0., 0., 0., 0., 0., 0., 0., 0.,
        0., 0.],
       [0., 1., 0., 0., 0., 0., 0., 0., 0., 0., 0., 0., 0., 0., 0., 0.,
        0., 0., 0., 0., 0., 0., 0., 0., 0., 0., 0., 0., 0., 0., 0., 0.,
        0., 0.],
       [0., 1., 0., 0., 0., 0., 0., 0., 0., 0., 0., 0., 0., 0., 0., 0.,
        0., 0., 0., 0., 0., 0., 0., 0., 0., 0., 0., 0., 0., 0., 0., 0.,
        0., 0.],
       [0., 1., 0., 0., 0., 0., 0., 0., 0., 0., 0., 0., 0., 0., 0., 0.,
        0., 0., 0., 0., 0., 0., 0., 0., 0., 0., 0., 0., 0., 0., 0., 0.,
        0., 0.],
       [0., 1., 0., 0., 0., 0., 0., 0., 0., 0., 0., 0., 0., 0., 0., 0.,
        0., 0., 0., 0., 0., 0., 0., 0., 0., 0., 0., 0., 0., 0., 0., 0.,
        0., 0.],
       [0., 1., 0., 0., 0., 0., 0., 0., 0., 0., 0., 0., 0., 0., 0., 0.,
        0., 0., 0., 0., 0., 0., 0., 0., 0., 0., 0., 0., 0., 0., 0., 0.,
        0., 0.],
       [0., 1., 0., 0., 0., 0., 0., 0., 0., 0., 0., 0., 0., 0., 0., 0.,
        0., 0., 0., 0., 0., 0., 0., 0., 0., 0., 0., 0., 0., 0., 0., 0.,
        0., 0.],
       [0., 1., 0., 0., 0., 0., 0., 0., 0., 0., 0., 0., 0., 0., 0., 0.,
        0., 0., 0., 0., 0., 0., 0., 0., 0., 0., 0., 0., 0., 0., 0., 0.,
        0., 0.],
       [0., 1., 0., 0., 0., 0., 0., 0., 0., 0., 0., 0., 0., 0., 0., 0.,
        0., 0., 0., 0., 0., 0., 0., 0., 0., 0., 0., 0., 0., 0., 0., 0.,
        0., 0.],
       [0., 1., 0., 0., 0., 0., 0., 0., 0., 0., 0., 0., 0., 0., 0., 0.,
        0., 0., 0., 0., 0., 0., 0., 0., 0., 0., 0., 0., 0., 0., 0., 0.,
        0., 0.],
       [0., 1., 0., 0., 0., 0., 0., 0., 0., 0., 0., 0., 0., 0., 0., 0.,
        0., 0., 0., 0., 0., 0., 0., 0., 0., 0., 0., 0., 0., 0., 0., 0.,
        0., 0.]]))
